system:index,fire_nov,fire_oct,hcho,lat,lon,u_component_of_wind_10m,v_component_of_wind_10m,.geo
0,,,1.735357814971842E-4,28.0,74.5,0.5646471573246853,0.34734799000951994,"{""type"":""Point"",""coordinates"":[74.5,27.999999999999996]}"
1,,,1.8522010915122071E-4,28.0,74.65,0.5678874459531571,0.35148956444528356,"{""type"":""Point"",""coordinates"":[74.65000000000002,27.999999999999996]}"
2,,,1.8565425626424251E-4,28.0,74.8,0.5336402806970809,0.41394785708851295,"{""type"":""Point"",""coordinates"":[74.8,28.0]}"
3,,,2.0011361400987582E-4,28.0,74.95,0.4717438505755532,0.4962571561336517,"{""type"":""Point"",""coordinates"":[74.95,28.0]}"
4,,,1.845910839141562E-4,28.0,75.1,0.3832554201285043,0.6032911188072626,"{""type"":""Point"",""coordinates"":[75.1,28.0]}"
5,,,2.1024082283011372E-4,28.0,75.25,0.32431309156947674,0.6599463244279226,"{""type"":""Point"",""coordinates"":[75.25,28.0]}"
6,,,2.0056475798328494E-4,28.0,75.4,0.33696567946010175,0.6426031847794849,"{""type"":""Point"",""coordinates"":[75.4,28.0]}"
7,,,2.0439452726253316E-4,28.0,75.55,0.4997345732318031,0.5353701796796586,"{""type"":""Point"",""coordinates"":[75.55,28.0]}"
8,,,2.2854884870739684E-4,28.0,75.7,0.5898929933706917,0.45886871483590863,"{""type"":""Point"",""coordinates"":[75.7,28.0]}"
9,,,2.0813428604598717E-4,28.0,75.85,0.6861145781146154,0.36427439517445026,"{""type"":""Point"",""coordinates"":[75.85000000000001,28.0]}"
10,,,2.3821292580825928E-4,28.0,76.0,0.7979845596684348,0.21888085405031843,"{""type"":""Point"",""coordinates"":[76.0,28.0]}"
11,,,2.2077516505957415E-4,28.0,76.15,0.737081985341178,0.10781416296958923,"{""type"":""Point"",""coordinates"":[76.15,28.0]}"
12,,,2.198135630078517E-4,28.0,76.3,0.7162099964088863,0.04555932084719341,"{""type"":""Point"",""coordinates"":[76.3,28.0]}"
13,,,2.4462852295085985E-4,28.0,76.45,0.6949534859922198,-0.0892300400469038,"{""type"":""Point"",""coordinates"":[76.45,28.0]}"
14,,,2.2829988122295556E-4,28.0,76.6,0.6912181344297198,-0.14790720476044544,"{""type"":""Point"",""coordinates"":[76.6,28.0]}"
15,,,2.650473844705117E-4,28.0,76.75,0.6944787681102753,-0.24048261708683452,"{""type"":""Point"",""coordinates"":[76.75,28.0]}"
16,,,2.3705562004419468E-4,28.0,76.9,0.6819065431753795,-0.4098097383975983,"{""type"":""Point"",""coordinates"":[76.90000000000002,28.0]}"
17,,,2.704529595148034E-4,28.0,77.05,0.6187677085399629,-0.4899611055850983,"{""type"":""Point"",""coordinates"":[77.05,27.999999999999996]}"
18,,,2.6849916136486874E-4,28.0,77.2,0.6070387860139212,-0.5406769123342302,"{""type"":""Point"",""coordinates"":[77.2,28.0]}"
19,,,2.7482121176717765E-4,28.0,77.35,0.5673720379670458,-0.556908873054716,"{""type"":""Point"",""coordinates"":[77.35,28.0]}"
20,,,2.9424001107207135E-4,28.0,77.5,0.5532620661788515,-0.5676364799340567,"{""type"":""Point"",""coordinates"":[77.5,27.999999999999996]}"
21,,,1.684306949530286E-4,28.15,74.5,0.5334029217561088,0.3429534587595198,"{""type"":""Point"",""coordinates"":[74.5,28.15]}"
22,,,1.5619227418047404E-4,28.15,74.65,0.5603858861658307,0.3290337132083046,"{""type"":""Point"",""coordinates"":[74.65000000000002,28.14999999999999]}"
23,,,1.8012524535793614E-4,28.15,74.8,0.5834249622291988,0.33814321027861705,"{""type"":""Point"",""coordinates"":[74.8,28.15]}"
24,,,2.0006424580419876E-4,28.15,74.95,0.5460036297639211,0.3929585450225405,"{""type"":""Point"",""coordinates"":[74.95,28.15]}"
25,,,1.918397755294756E-4,28.15,75.1,0.45512262119187263,0.50723331173261,"{""type"":""Point"",""coordinates"":[75.1,28.15]}"
26,,,2.029809830221306E-4,28.15,75.25,0.37903077006340047,0.5681050293975407,"{""type"":""Point"",""coordinates"":[75.25,28.15]}"
27,,,2.003653384205344E-4,28.15,75.4,0.34696561164326145,0.5657138076093465,"{""type"":""Point"",""coordinates"":[75.4,28.15]}"
28,,,2.088747356543716E-4,28.15,75.55,0.4349871231449976,0.4804005616241032,"{""type"":""Point"",""coordinates"":[75.55,28.15]}"
29,,,2.0627083554537677E-4,28.15,75.7,0.5234172311094071,0.40317684743139487,"{""type"":""Point"",""coordinates"":[75.7,28.15]}"
30,,,1.901243260949457E-4,28.15,75.85,0.6068343182404835,0.31698774695396403,"{""type"":""Point"",""coordinates"":[75.85000000000001,28.15]}"
31,,,2.2676834968613586E-4,28.15,76.0,0.703245790137185,0.19181210133764479,"{""type"":""Point"",""coordinates"":[76.0,28.15]}"
32,,,2.2611071743814005E-4,28.15,76.15,0.6783899009227754,0.09629750715361696,"{""type"":""Point"",""coordinates"":[76.15,28.15]}"
33,,,2.5093678870992766E-4,28.15,76.3,0.6557051678498583,0.035547181632783705,"{""type"":""Point"",""coordinates"":[76.3,28.15]}"
34,,,2.5219211243820316E-4,28.15,76.45,0.6300924426979488,-0.06271874176131352,"{""type"":""Point"",""coordinates"":[76.45,28.15]}"
35,,,2.3488815695903447E-4,28.15,76.6,0.6283108943038516,-0.11267025272051494,"{""type"":""Point"",""coordinates"":[76.6,28.15]}"
36,,,2.7541038626072644E-4,28.15,76.75,0.6500048233403102,-0.206258170472251,"{""type"":""Point"",""coordinates"":[76.75,28.15]}"
37,,,3.118214502629671E-4,28.15,76.9,0.6429939183923935,-0.37777509755558436,"{""type"":""Point"",""coordinates"":[76.90000000000002,28.15]}"
38,,,2.928155099700696E-4,28.15,77.05,0.6081065621640948,-0.48482262359725126,"{""type"":""Point"",""coordinates"":[77.05,28.15]}"
39,,,2.665577541394221E-4,28.15,77.2,0.6137980904844069,-0.5533617132239871,"{""type"":""Point"",""coordinates"":[77.2,28.15]}"
40,,,3.180453203169689E-4,28.15,77.35,0.5619633058706921,-0.5495646483368344,"{""type"":""Point"",""coordinates"":[77.35,28.15]}"
41,,319.8999938964844,2.906889580996013E-4,28.15,77.5,0.5478987713654837,-0.5591112249427375,"{""type"":""Point"",""coordinates"":[77.5,28.15]}"
42,,,1.7842551371725373E-4,28.3,74.5,0.5135848065217336,0.2662875380780962,"{""type"":""Point"",""coordinates"":[74.5,28.3]}"
43,,,1.7054039948058945E-4,28.3,74.65,0.5619602541128794,0.23616228037410314,"{""type"":""Point"",""coordinates"":[74.65000000000002,28.3]}"
44,,,1.759352286627829E-4,28.3,74.8,0.5913591934574973,0.23855451941490177,"{""type"":""Point"",""coordinates"":[74.8,28.3]}"
45,,,1.9657552778185966E-4,28.3,74.95,0.5797008004453444,0.2634758518801795,"{""type"":""Point"",""coordinates"":[74.95,28.3]}"
46,,,2.039915663630866E-4,28.3,75.1,0.5232768502500325,0.3043639812204573,"{""type"":""Point"",""coordinates"":[75.1,28.3]}"
47,,,1.9341879049755673E-4,28.3,75.25,0.4325626711050667,0.3781225939591725,"{""type"":""Point"",""coordinates"":[75.25,28.3]}"
48,,,1.7859837979846376E-4,28.3,75.4,0.40057143304083087,0.36674869259198495,"{""type"":""Point"",""coordinates"":[75.4,28.3]}"
49,,,2.1327928920871189E-4,28.3,75.55,0.32121860914760164,0.3433644288116032,"{""type"":""Point"",""coordinates"":[75.55,28.3]}"
50,,,2.1082806093433392E-4,28.3,75.7,0.3401462892691293,0.3211171143584781,"{""type"":""Point"",""coordinates"":[75.7,28.3]}"
51,,,2.1967013105531866E-4,28.3,75.85,0.39373007019360867,0.25966997080379056,"{""type"":""Point"",""coordinates"":[75.85000000000001,28.3]}"
52,,,2.24274208574029E-4,28.3,76.0,0.47937697503301846,0.14172597395049202,"{""type"":""Point"",""coordinates"":[76.0,28.3]}"
53,,,2.3455429247171852E-4,28.3,76.15,0.5085921307404836,0.059567906459172544,"{""type"":""Point"",""coordinates"":[76.15,28.3]}"
54,,,2.287922965688674E-4,28.3,76.3,0.525209630197949,0.005762364466985052,"{""type"":""Point"",""coordinates"":[76.3,28.3]}"
55,,,2.5520327982649836E-4,28.3,76.45,0.503843934668435,-0.05352650814586215,"{""type"":""Point"",""coordinates"":[76.45,28.3]}"
56,,,2.435042373341875E-4,28.3,76.6,0.5061290231015947,-0.11077172027693852,"{""type"":""Point"",""coordinates"":[76.6,28.300000000000004]}"
57,,,2.6080134529582965E-4,28.3,76.75,0.5245891061094071,-0.1973734862274594,"{""type"":""Point"",""coordinates"":[76.75,28.300000000000004]}"
58,,,3.03226359566445E-4,28.3,76.9,0.5779128094514211,-0.3541507621606191,"{""type"":""Point"",""coordinates"":[76.90000000000002,28.3]}"
59,,,2.5385529307240406E-4,28.3,77.05,0.6093343860573238,-0.5063453151120078,"{""type"":""Point"",""coordinates"":[77.05,28.3]}"
60,,,3.041795544782343E-4,28.3,77.2,0.6076854195859696,-0.5589525335364872,"{""type"":""Point"",""coordinates"":[77.2,28.3]}"
61,,,3.34017879041511E-4,28.3,77.35,0.5578013863828448,-0.5586870306067997,"{""type"":""Point"",""coordinates"":[77.35,28.300000000000004]}"
62,,,3.285064520750968E-4,28.3,77.5,0.5456852296988168,-0.5452921873993345,"{""type"":""Point"",""coordinates"":[77.5,28.3]}"
63,,,1.811569773166818E-4,28.45,74.5,0.4662245770295458,0.120900778637992,"{""type"":""Point"",""coordinates"":[74.5,28.45]}"
64,,,1.7583664229577444E-4,28.45,74.65,0.4927769045035047,0.10269975596004062,"{""type"":""Point"",""coordinates"":[74.65000000000002,28.45]}"
65,,,1.6795001662249813E-4,28.45,74.8,0.5085060033533308,0.08725616600778374,"{""type"":""Point"",""coordinates"":[74.8,28.45]}"
66,,,1.7643650590196805E-4,28.45,74.95,0.4964203642474282,0.08467505706681146,"{""type"":""Point"",""coordinates"":[74.95,28.45]}"
67,,,2.0067732651087012E-4,28.45,75.1,0.44049656324916436,0.10973880489667259,"{""type"":""Point"",""coordinates"":[75.1,28.450000000000003]}"
68,,,2.2193950379809988E-4,28.45,75.25,0.35078539517190704,0.16162445214059618,"{""type"":""Point"",""coordinates"":[75.25,28.450000000000003]}"
69,,,2.106717434446677E-4,28.45,75.4,0.2935174643993378,0.17451982431941568,"{""type"":""Point"",""coordinates"":[75.4,28.45]}"
70,,,1.8071355740630792E-4,28.45,75.55,0.16397577060593502,0.19192196461889474,"{""type"":""Point"",""coordinates"":[75.55,28.45]}"
71,,,1.932605618892046E-4,28.45,75.7,0.157310731543435,0.19005157616403368,"{""type"":""Point"",""coordinates"":[75.7,28.450000000000003]}"
72,,,2.4172469206014524E-4,28.45,75.85,0.19314820170402527,0.18024899098608227,"{""type"":""Point"",""coordinates"":[75.85000000000001,28.45]}"
73,,,2.3607157309678996E-4,28.45,76.0,0.2620789335833656,0.11795956227514479,"{""type"":""Point"",""coordinates"":[76.0,28.450000000000003]}"
74,,,2.373870316275631E-4,28.45,76.15,0.3164683785703447,-0.002269523011313543,"{""type"":""Point"",""coordinates"":[76.15,28.450000000000003]}"
75,,,2.4093167227728967E-4,28.45,76.3,0.3413456300894419,-0.06448435319794552,"{""type"":""Point"",""coordinates"":[76.3,28.45]}"
76,,,2.5176702707827107E-4,28.45,76.45,0.38156203362676827,-0.19184437923961212,"{""type"":""Point"",""coordinates"":[76.45,28.45]}"
77,,,2.3055366405352082E-4,28.45,76.6,0.39733148349655995,-0.25290462772051486,"{""type"":""Point"",""coordinates"":[76.6,28.450000000000003]}"
78,,,2.7598208901956936E-4,28.45,76.75,0.43351651496357385,-0.3158498452769385,"{""type"":""Point"",""coordinates"":[76.75,28.45]}"
79,,,2.524214656359727E-4,28.45,76.9,0.5052450305885738,-0.4365672118133968,"{""type"":""Point"",""coordinates"":[76.90000000000002,28.450000000000003]}"
80,,,2.8084266883668477E-4,28.45,77.05,0.56152826084031,-0.5440328286753762,"{""type"":""Point"",""coordinates"":[77.05,28.45]}"
81,,,3.0514952096485616E-4,28.45,77.2,0.5774713218212129,-0.5949663274817996,"{""type"":""Point"",""coordinates"":[77.2,28.450000000000003]}"
82,,,3.63890795983231E-4,28.45,77.35,0.5819051868385738,-0.590661992629369,"{""type"":""Point"",""coordinates"":[77.35,28.45]}"
83,,,3.617427686243904E-4,28.45,77.5,0.5860576119687823,-0.5857222139835357,"{""type"":""Point"",""coordinates"":[77.5,28.45]}"
84,,,1.7686686754456648E-4,28.6,74.5,0.39822327494621274,0.02854339745309622,"{""type"":""Point"",""coordinates"":[74.5,28.6]}"
85,,,2.0126238146197712E-4,28.6,74.65,0.41952217088805305,0.016369596454832294,"{""type"":""Point"",""coordinates"":[74.65000000000002,28.6]}"
86,,,1.9100519375073885E-4,28.6,74.8,0.4254866619904835,0.026815763447019806,"{""type"":""Point"",""coordinates"":[74.8,28.600000000000005]}"
87,,,1.7763988246600202E-4,28.6,74.95,0.4149489422639211,0.024480151467853144,"{""type"":""Point"",""coordinates"":[74.95,28.6]}"
88,,,1.934270942304671E-4,28.6,75.1,0.3591126249896155,0.04950422644615171,"{""type"":""Point"",""coordinates"":[75.1,28.600000000000005]}"
89,,,2.0385439547085106E-4,28.6,75.25,0.29008898403909483,0.09309926496611705,"{""type"":""Point"",""coordinates"":[75.25,28.600000000000005]}"
90,,,1.9704019938773316E-4,28.6,75.4,0.2534750110573239,0.10216637651125587,"{""type"":""Point"",""coordinates"":[75.4,28.6]}"
91,,,2.299947256046836E-4,28.6,75.55,0.12443211012416404,0.12060611446698505,"{""type"":""Point"",""coordinates"":[75.55,28.6]}"
92,,,2.3140974769292753E-4,28.6,75.7,0.12387567294968492,0.11762929426299198,"{""type"":""Point"",""coordinates"":[75.7,28.6]}"
93,,,2.535958114657464E-4,28.6,75.85,0.1555556317170461,0.1069484810034434,"{""type"":""Point"",""coordinates"":[75.85000000000001,28.600000000000005]}"
94,,,2.2555447266350942E-4,28.6,76.0,0.19124153123961551,0.053319601880179514,"{""type"":""Point"",""coordinates"":[76.0,28.600000000000005]}"
95,,,2.564149880797683E-4,28.6,76.15,0.2429172853628794,-0.0660014159149594,"{""type"":""Point"",""coordinates"":[76.15,28.600000000000005]}"
96,,,2.357550841814324E-4,28.6,76.3,0.26741611891322664,-0.1283688339922163,"{""type"":""Point"",""coordinates"":[76.3,28.6]}"
97,,,2.400688232200539E-4,28.6,76.45,0.3402927736441294,-0.24838192264238998,"{""type"":""Point"",""coordinates"":[76.45,28.600000000000005]}"
98,,,2.0827654570553964E-4,28.6,76.6,0.3948344674375322,-0.286958854066001,"{""type"":""Point"",""coordinates"":[76.6,28.600000000000005]}"
99,,,2.4255000130247526E-4,28.6,76.75,0.4321581436528099,-0.3280192381805842,"{""type"":""Point"",""coordinates"":[76.75,28.600000000000005]}"
100,,,2.2569974645458707E-4,28.6,76.9,0.5037662843863171,-0.44791602094968147,"{""type"":""Point"",""coordinates"":[76.90000000000002,28.600000000000005]}"
101,,,2.6175450031561674E-4,28.6,77.05,0.5569882624679142,-0.5386780109670428,"{""type"":""Point"",""coordinates"":[77.05,28.6]}"
102,,,3.157482606370005E-4,28.6,77.2,0.5779897815651364,-0.5499837564097511,"{""type"":""Point"",""coordinates"":[77.2,28.6]}"
103,,,3.735186003554419E-4,28.6,77.35,0.6021071453889213,-0.5420719047387442,"{""type"":""Point"",""coordinates"":[77.35,28.600000000000005]}"
104,,,3.630432458527324E-4,28.6,77.5,0.6062317656146157,-0.5368530597951678,"{""type"":""Point"",""coordinates"":[77.5,28.6]}"
105,,,1.9734840012105548E-4,28.75,74.5,0.19771159688631712,-0.1304697997040218,"{""type"":""Point"",""coordinates"":[74.5,28.75]}"
106,,,1.9809963167632556E-4,28.75,74.65,0.19592258863978912,-0.11582577029863995,"{""type"":""Point"",""coordinates"":[74.65000000000002,28.749999999999993]}"
107,,,2.0887176585294073E-4,28.75,74.8,0.20279684265454598,-0.09400298926565377,"{""type"":""Point"",""coordinates"":[74.8,28.75]}"
108,,,2.051698689909258E-4,28.75,74.95,0.2099935657448238,-0.08698564171791077,"{""type"":""Point"",""coordinates"":[74.95,28.75]}"
109,,,1.8406071805820507E-4,28.75,75.1,0.19216451843579604,-0.0678863849904802,"{""type"":""Point"",""coordinates"":[75.1,28.75]}"
110,,,2.1468622745309017E-4,28.75,75.25,0.15583232442537945,-0.04287858605384828,"{""type"":""Point"",""coordinates"":[75.25,28.750000000000007]}"
111,,,2.527099536856618E-4,28.75,75.4,0.1296743518776364,-0.03635969228214686,"{""type"":""Point"",""coordinates"":[75.4,28.75]}"
112,,,2.2353160315918163E-4,28.75,75.55,0.07543139126565722,-0.024877623054716316,"{""type"":""Point"",""coordinates"":[75.55,28.749999999999993]}"
113,,,2.4403250232928658E-4,28.75,75.7,0.07123013801044882,-0.029351160923639968,"{""type"":""Point"",""coordinates"":[75.7,28.75]}"
114,,,2.6982518863883444E-4,28.75,75.85,0.07303813497225448,-0.04629757205645242,"{""type"":""Point"",""coordinates"":[75.85000000000001,28.750000000000007]}"
115,,,2.5110036519314176E-4,28.75,76.0,0.08550829556253223,-0.1049852483802372,"{""type"":""Point"",""coordinates"":[76.0,28.75]}"
116,,,2.2125206187946237E-4,28.75,76.15,0.11700040168232387,-0.2138214435842302,"{""type"":""Point"",""coordinates"":[76.15,28.75]}"
117,,,2.2945799116286817E-4,28.75,76.3,0.1687310874462128,-0.26215179297659125,"{""type"":""Point"",""coordinates"":[76.3,28.75]}"
118,,,2.4038891970707633E-4,28.75,76.45,0.34259312086635174,-0.3526103026337093,"{""type"":""Point"",""coordinates"":[76.45,28.749999999999993]}"
119,,,2.6620782247394374E-4,28.75,76.6,0.40817810893058776,-0.38388302127520235,"{""type"":""Point"",""coordinates"":[76.6,28.75]}"
120,,,2.697735428282343E-4,28.75,76.75,0.45072334276305315,-0.402610980802112,"{""type"":""Point"",""coordinates"":[76.75,28.75]}"
121,,,2.997533524180799E-4,28.75,76.9,0.515944493479199,-0.43809885515107044,"{""type"":""Point"",""coordinates"":[76.90000000000002,28.750000000000007]}"
122,,,3.1374499927466114E-4,28.75,77.05,0.5506945206059353,-0.43429161773787606,"{""type"":""Point"",""coordinates"":[77.05,28.749999999999993]}"
123,,,3.5711183505695947E-4,28.75,77.2,0.5694916533099282,-0.42729970150523705,"{""type"":""Point"",""coordinates"":[77.2,28.750000000000007]}"
124,,,3.2483375349144546E-4,28.75,77.35,0.6200677573680877,-0.4139991237057579,"{""type"":""Point"",""coordinates"":[77.35,28.75]}"
125,,,3.317600764384857E-4,28.75,77.5,0.6481510500113171,-0.4127668917179108,"{""type"":""Point"",""coordinates"":[77.5,28.75]}"
126,,,1.8003508915969422E-4,28.9,74.5,0.10463535719447656,-0.21650224328041082,"{""type"":""Point"",""coordinates"":[74.5,28.899999999999995]}"
127,,,1.8943244985907933E-4,28.9,74.65,0.10274360643492804,-0.20218712555037596,"{""type"":""Point"",""coordinates"":[74.65000000000002,28.899999999999995]}"
128,,,1.9256682593970175E-4,28.9,74.8,0.10960531433423362,-0.18039825293752884,"{""type"":""Point"",""coordinates"":[74.8,28.899999999999995]}"
129,,,2.0817781328956512E-4,28.9,74.95,0.114572219716178,-0.1808373669783275,"{""type"":""Point"",""coordinates"":[74.95,28.899999999999995]}"
130,,,2.0614846711224875E-4,28.9,75.1,0.1037554336918725,-0.1833415038055844,"{""type"":""Point"",""coordinates"":[75.1,28.899999999999995]}"
131,,,2.4068579441982563E-4,28.9,75.25,0.06719300150871274,-0.16081207129690384,"{""type"":""Point"",""coordinates"":[75.25,28.899999999999995]}"
132,,,2.2400806298932875E-4,28.9,75.4,0.04202413757642108,-0.15356550282902184,"{""type"":""Point"",""coordinates"":[75.4,28.899999999999995]}"
133,,,2.2044417249982346E-4,28.9,75.55,0.016382929351594768,-0.11518422298961208,"{""type"":""Point"",""coordinates"":[75.55,28.899999999999995]}"
134,,,2.5042662164356127E-4,28.9,75.7,0.03094625671704611,-0.096512551440133,"{""type"":""Point"",""coordinates"":[75.7,28.899999999999995]}"
135,,,2.781589875087319E-4,28.9,75.85,0.03856751322746282,-0.10640567209985523,"{""type"":""Point"",""coordinates"":[75.85000000000001,28.899999999999995]}"
136,,,2.72018410280322E-4,28.9,76.0,0.05069452060593496,-0.16412831478648712,"{""type"":""Point"",""coordinates"":[76.0,28.899999999999995]}"
137,,,2.449594523085854E-4,28.9,76.15,0.10921163757642113,-0.25765689280298026,"{""type"":""Point"",""coordinates"":[76.15,28.899999999999995]}"
138,,,2.4543415454918237E-4,28.9,76.3,0.17698066698180312,-0.28414445519447334,"{""type"":""Point"",""coordinates"":[76.3,28.899999999999995]}"
139,,,2.7482749624531687E-4,28.9,76.45,0.34590359992451136,-0.3644436630937788,"{""type"":""Point"",""coordinates"":[76.45,28.899999999999995]}"
140,,,2.839955134096095E-4,28.9,76.6,0.41520868076218503,-0.39772986372311914,"{""type"":""Point"",""coordinates"":[76.6,28.899999999999995]}"
141,,,2.8861411173798375E-4,28.9,76.75,0.4539517634444767,-0.4143978867265912,"{""type"":""Point"",""coordinates"":[76.75,28.899999999999995]}"
142,,,2.685181796908567E-4,28.9,76.9,0.492829801638921,-0.4519850313663483,"{""type"":""Point"",""coordinates"":[76.90000000000002,28.899999999999995]}"
143,,,3.0635137310780144E-4,28.9,77.05,0.5274380915694766,-0.4461436278290218,"{""type"":""Point"",""coordinates"":[77.05,28.899999999999995]}"
144,,,3.1481432629313407E-4,28.9,77.2,0.545569262901942,-0.4391083088186052,"{""type"":""Point"",""coordinates"":[77.2,28.899999999999995]}"
145,,,3.0320102779527575E-4,28.9,77.35,0.5968628691302403,-0.4357683294349248,"{""type"":""Point"",""coordinates"":[77.35,28.899999999999995]}"
146,,,3.029949694586255E-4,28.9,77.5,0.628518752919303,-0.44920250640975107,"{""type"":""Point"",""coordinates"":[77.5,28.899999999999995]}"
147,,,1.837330549765278E-4,29.05,74.5,0.021017532216177973,-0.29036190311114,"{""type"":""Point"",""coordinates"":[74.5,29.050000000000004]}"
148,,,1.903409824435554E-4,29.05,74.65,0.01462477776739327,-0.28995669749048003,"{""type"":""Point"",""coordinates"":[74.65000000000002,29.050000000000004]}"
149,,,1.839030511076606E-4,29.05,74.8,0.018438118696212782,-0.27818165951304963,"{""type"":""Point"",""coordinates"":[74.8,29.050000000000004]}"
150,,,1.8818303422304163E-4,29.05,74.95,0.020511618587705827,-0.2881754881805843,"{""type"":""Point"",""coordinates"":[74.95,29.050000000000004]}"
151,,,2.3101922478973403E-4,29.05,75.1,0.00800483690367806,-0.29927100141843166,"{""type"":""Point"",""coordinates"":[75.1,29.050000000000004]}"
152,,,2.168465793445563E-4,29.05,75.25,-0.024508590830696966,-0.2872029946910011,"{""type"":""Point"",""coordinates"":[75.25,29.050000000000004]}"
153,,,2.180084429816171E-4,29.05,75.4,-0.04160419901212054,-0.2709049125512441,"{""type"":""Point"",""coordinates"":[75.4,29.050000000000004]}"
154,,,2.4157532401294912E-4,29.05,75.55,-0.03348686231507193,-0.19546885026825797,"{""type"":""Point"",""coordinates"":[75.55,29.050000000000004]}"
155,,,2.4744677166484337E-4,29.05,75.7,-0.018366758690940028,-0.1750956541962094,"{""type"":""Point"",""coordinates"":[75.7,29.050000000000004]}"
156,,,2.492947936007749E-4,29.05,75.85,-9.26980045106715E-4,-0.173129983080758,"{""type"":""Point"",""coordinates"":[75.85000000000001,29.050000000000004]}"
157,,,2.5549020728626875E-4,29.05,76.0,0.025836596886316857,-0.21683318946096636,"{""type"":""Point"",""coordinates"":[76.0,29.050000000000004]}"
158,,,2.4536513094714104E-4,29.05,76.15,0.1338281333446502,-0.28024566504690385,"{""type"":""Point"",""coordinates"":[76.15,29.050000000000004]}"
159,,,2.6043908143556197E-4,29.05,76.3,0.2013204700416989,-0.30651214453909126,"{""type"":""Point"",""coordinates"":[76.3,29.050000000000004]}"
160,,,2.4558265409923685E-4,29.05,76.45,0.3462257299158308,-0.3681108587317997,"{""type"":""Point"",""coordinates"":[76.45,29.050000000000004]}"
161,,,2.560642777049129E-4,29.05,76.6,0.41653789083162934,-0.40359907216495944,"{""type"":""Point"",""coordinates"":[76.6,29.050000000000004]}"
162,,,2.599401578815483E-4,29.05,76.75,0.44295322828822664,-0.4233151230547164,"{""type"":""Point"",""coordinates"":[76.75,29.050000000000004]}"
163,,,2.556757041644935E-4,29.05,76.9,0.4580807917647892,-0.4700012531545426,"{""type"":""Point"",""coordinates"":[76.90000000000002,29.050000000000004]}"
164,,,2.812491532639883E-4,29.05,77.05,0.5007480959097548,-0.47163123091061904,"{""type"":""Point"",""coordinates"":[77.05,29.050000000000004]}"
165,,,3.038374399566078E-4,29.05,77.2,0.517637879980935,-0.46463999284638297,"{""type"":""Point"",""coordinates"":[77.2,29.050000000000004]}"
166,,,2.8650971283996214E-4,29.05,77.35,0.5703644560443032,-0.4840698566701676,"{""type"":""Point"",""coordinates"":[77.35,29.050000000000004]}"
167,,,3.0103305790639336E-4,29.05,77.5,0.5995870716041989,-0.5056488361623552,"{""type"":""Point"",""coordinates"":[77.5,29.050000000000004]}"
168,,,2.0553040542187293E-4,29.2,74.5,-0.0874056584305234,-0.36055097646183426,"{""type"":""Point"",""coordinates"":[74.5,29.200000000000003]}"
169,,,2.233365337811288E-4,29.2,74.65,-0.08426980773607896,-0.36543548438284135,"{""type"":""Point"",""coordinates"":[74.65000000000002,29.200000000000003]}"
170,,,2.0968872076724743E-4,29.2,74.8,-0.07747557759284969,-0.375443215502633,"{""type"":""Point"",""coordinates"":[74.8,29.200000000000003]}"
171,,,2.184377378619557E-4,29.2,74.95,-0.08004549675517618,-0.38555233279863993,"{""type"":""Point"",""coordinates"":[74.95,29.200000000000003]}"
172,,,2.482830997004576E-4,29.2,75.1,-0.09279947082201635,-0.3963182561927371,"{""type"":""Point"",""coordinates"":[75.1,29.200000000000003]}"
173,,,2.561688205627386E-4,29.2,75.25,-0.13743787142965525,-0.36708445085419544,"{""type"":""Point"",""coordinates"":[75.25,29.200000000000003]}"
174,,,2.4232234700924613E-4,29.2,75.4,-0.14878939323955104,-0.32671783301565366,"{""type"":""Point"",""coordinates"":[75.4,29.200000000000003]}"
175,,,2.670091466504917E-4,29.2,75.55,-0.13880132900344,-0.23443165951304967,"{""type"":""Point"",""coordinates"":[75.55,29.200000000000003]}"
176,,,2.5799521320683534E-4,29.2,75.7,-0.12234896355205109,-0.22010297841495935,"{""type"":""Point"",""coordinates"":[75.7,29.200000000000003]}"
177,,,2.3540662234223744E-4,29.2,75.85,-0.1020883434348636,-0.21791758073700807,"{""type"":""Point"",""coordinates"":[75.85000000000001,29.200000000000003]}"
178,,,2.0657464314122257E-4,29.2,76.0,-0.003476893239551124,-0.25925194488631365,"{""type"":""Point"",""coordinates"":[76.0,29.200000000000003]}"
179,,,2.6583359745441416E-4,29.2,76.15,0.13659099141756695,-0.3152381373776328,"{""type"":""Point"",""coordinates"":[76.15,29.200000000000003]}"
180,,,2.5882013017932125E-4,29.2,76.3,0.20447056227260155,-0.34191592600610515,"{""type"":""Point"",""coordinates"":[76.3,29.200000000000003]}"
181,312.1700134277344,,2.4964949323557907E-4,29.2,76.45,0.34213501811027525,-0.3952430201901331,"{""type"":""Point"",""coordinates"":[76.45,29.200000000000003]}"
182,,,2.614915233927271E-4,29.2,76.6,0.4125414444340599,-0.39884205990367466,"{""type"":""Point"",""coordinates"":[76.6,29.200000000000003]}"
183,313.67999267578125,,2.835364045485579E-4,29.2,76.75,0.46539212531513646,-0.39610971940888284,"{""type"":""Point"",""coordinates"":[76.75,29.200000000000003]}"
184,,,2.5096987527011266E-4,29.2,76.9,0.4948012371857962,-0.43113440473874426,"{""type"":""Point"",""coordinates"":[76.90000000000002,29.200000000000003]}"
185,,,2.9814672565749633E-4,29.2,77.05,0.544765294260449,-0.43658891320228577,"{""type"":""Point"",""coordinates"":[77.05,29.200000000000003]}"
186,,,3.047450043841706E-4,29.2,77.2,0.5762845271163517,-0.4466369953420429,"{""type"":""Point"",""coordinates"":[77.2,29.200000000000003]}"
187,,,2.917913615920851E-4,29.2,77.35,0.6198483698897893,-0.4968126409583621,"{""type"":""Point"",""coordinates"":[77.35,29.200000000000003]}"
188,,,2.9153564159027965E-4,29.2,77.5,0.6519250571727753,-0.5182895561059315,"{""type"":""Point"",""coordinates"":[77.5,29.200000000000003]}"
189,,,1.9181365910140007E-4,29.35,74.5,-0.10246811774041917,-0.3784485187795427,"{""type"":""Point"",""coordinates"":[74.5,29.35]}"
190,,,2.040413650300287E-4,29.35,74.65,-0.08177346984545385,-0.38415191504690394,"{""type"":""Point"",""coordinates"":[74.65000000000002,29.35]}"
191,,,2.189549369625343E-4,29.35,74.8,-0.07547938889927333,-0.39229061404863985,"{""type"":""Point"",""coordinates"":[74.8,29.35]}"
192,,,2.2403432519443374E-4,29.35,74.95,-0.0859255558914609,-0.39505516754256365,"{""type"":""Point"",""coordinates"":[74.95,29.35]}"
193,,,2.4323719531797874E-4,29.35,75.1,-0.13972635070482894,-0.378633658753501,"{""type"":""Point"",""coordinates"":[75.1,29.35]}"
194,,,2.3338935989603398E-4,29.35,75.25,-0.19590378668573158,-0.3281809813446469,"{""type"":""Point"",""coordinates"":[75.25,29.35]}"
195,,,2.5505037991060085E-4,29.35,75.4,-0.21119241515795373,-0.29077795942624396,"{""type"":""Point"",""coordinates"":[75.4,29.35]}"
196,,,2.599389999295106E-4,29.35,75.55,-0.21898084017965536,-0.22158850630124405,"{""type"":""Point"",""coordinates"":[75.55,29.35]}"
197,,,2.6573233377159773E-4,29.35,75.7,-0.1941727618376414,-0.22240976823700806,"{""type"":""Point"",""coordinates"":[75.7,29.35]}"
198,,,2.275725498669399E-4,29.35,75.85,-0.1558114879661136,-0.23937788075870936,"{""type"":""Point"",""coordinates"":[75.85000000000001,29.35]}"
199,,,2.3758135368558297E-4,29.35,76.0,-0.054948518673578896,-0.2840844372908274,"{""type"":""Point"",""coordinates"":[76.0,29.35]}"
200,,,2.6462444249712085E-4,29.35,76.15,0.10755453308423357,-0.35388356380992464,"{""type"":""Point"",""coordinates"":[76.15,29.35]}"
201,309.32000732421875,,2.593525193420413E-4,29.35,76.3,0.18283597297138637,-0.3758891112274592,"{""type"":""Point"",""coordinates"":[76.3,29.35]}"
202,,,2.683934923134764E-4,29.35,76.45,0.321347122059928,-0.41935529775089686,"{""type"":""Point"",""coordinates"":[76.45,29.35]}"
203,,,2.281258267370944E-4,29.35,76.6,0.3907325658533308,-0.42712473405732054,"{""type"":""Point"",""coordinates"":[76.6,29.35]}"
204,,,2.527537614521811E-4,29.35,76.75,0.4643290963437822,-0.4066738877031539,"{""type"":""Point"",""coordinates"":[76.75,29.35]}"
205,,,2.7673673720947275E-4,29.35,76.9,0.5981286704540252,-0.3879805147647858,"{""type"":""Point"",""coordinates"":[76.90000000000002,29.35]}"
206,,,2.944599016764506E-4,29.35,77.05,0.6721256593863167,-0.396591897143258,"{""type"":""Point"",""coordinates"":[77.05,29.35]}"
207,,,2.9042404766068205E-4,29.35,77.2,0.7061530980798933,-0.4053385741180844,"{""type"":""Point"",""coordinates"":[77.2,29.35]}"
208,,,2.636444183186542E-4,29.35,77.35,0.7380849964088865,-0.4659932778941261,"{""type"":""Point"",""coordinates"":[77.35,29.35]}"
209,,,2.722617471863574E-4,29.35,77.5,0.7217862361007265,-0.46454098025957735,"{""type"":""Point"",""coordinates"":[77.5,29.35]}"
210,,,2.4166467937022866E-4,29.5,74.5,-0.08164122700691227,-0.3846062878767648,"{""type"":""Point"",""coordinates"":[74.5,29.499999999999996]}"
211,317.1000061035156,,2.3949383423451555E-4,29.5,74.65,-0.06201672885153028,-0.39085425337155666,"{""type"":""Point"",""coordinates"":[74.65000000000002,29.499999999999996]}"
212,349.79998779296875,,2.1262838175977025E-4,29.5,74.8,-0.05602816277080111,-0.3989834580156539,"{""type"":""Point"",""coordinates"":[74.8,29.500000000000004]}"
213,,,2.059599402268191E-4,29.5,74.95,-0.08438001010153022,-0.40280493696530667,"{""type"":""Point"",""coordinates"":[74.95,29.500000000000004]}"
214,319.6300048828125,,2.5835512740872874E-4,29.5,75.1,-0.15915553636021076,-0.3883958929114871,"{""type"":""Point"",""coordinates"":[75.1,29.500000000000004]}"
215,,,2.2889709755911087E-4,29.5,75.25,-0.21755668653382196,-0.3413594888316262,"{""type"":""Point"",""coordinates"":[75.25,29.500000000000004]}"
216,,,2.4424221280463273E-4,29.5,75.4,-0.23132045335239823,-0.3029059840573206,"{""type"":""Point"",""coordinates"":[75.4,29.500000000000004]}"
217,,,2.537933654442515E-4,29.5,75.55,-0.23682006001472464,-0.2619534287187788,"{""type"":""Point"",""coordinates"":[75.55,29.500000000000004]}"
218,,,2.46953358841889E-4,29.5,75.7,-0.1976205699973636,-0.27750349111027184,"{""type"":""Point"",""coordinates"":[75.7,29.500000000000004]}"
219,,,2.638293511360008E-4,29.5,75.85,-0.14626796311802337,-0.30060834950870946,"{""type"":""Point"",""coordinates"":[75.85000000000001,29.500000000000004]}"
220,,,2.537342437417495E-4,29.5,76.0,-0.04376280903816222,-0.34607581098874396,"{""type"":""Point"",""coordinates"":[76.0,29.500000000000004]}"
221,,,2.5982300417624297E-4,29.5,76.15,0.10562887390454605,-0.4041266871823205,"{""type"":""Point"",""coordinates"":[76.15,29.500000000000004]}"
222,,,2.651431440325156E-4,29.5,76.3,0.18505934807989335,-0.4186805201901329,"{""type"":""Point"",""coordinates"":[76.3,29.499999999999996]}"
223,,,2.800569997245089E-4,29.5,76.45,0.34634237488110864,-0.4479733261797164,"{""type"":""Point"",""coordinates"":[76.45,29.500000000000004]}"
224,,,2.6242846693432995E-4,29.5,76.6,0.41578580207294885,-0.45601470801565375,"{""type"":""Point"",""coordinates"":[76.6,29.500000000000004]}"
225,,,2.5562350739010645E-4,29.5,76.75,0.4924585044384002,-0.438147344191869,"{""type"":""Point"",""coordinates"":[76.75,29.500000000000004]}"
226,,,2.692998721332842E-4,29.5,76.9,0.6463901857535045,-0.4309275633758969,"{""type"":""Point"",""coordinates"":[76.90000000000002,29.500000000000004]}"
227,,,3.266010939320407E-4,29.5,77.05,0.6840139514870116,-0.4750169866614871,"{""type"":""Point"",""coordinates"":[77.05,29.499999999999996]}"
228,,,2.650763877220724E-4,29.5,77.2,0.7208930883142683,-0.4802843206458621,"{""type"":""Point"",""coordinates"":[77.2,29.500000000000004]}"
229,311.20001220703125,,2.7245578713894886E-4,29.5,77.35,0.7364512887265947,-0.5302995794349247,"{""type"":""Point"",""coordinates"":[77.35,29.500000000000004]}"
230,,,2.9014975408805975E-4,29.5,77.5,0.7178871068689555,-0.526718850268258,"{""type"":""Point"",""coordinates"":[77.5,29.499999999999996]}"
231,,,2.5713633108303066E-4,29.65,74.5,-0.06680629319614832,-0.40041269792450795,"{""type"":""Point"",""coordinates"":[74.5,29.650000000000002]}"
232,,,2.2458102451452638E-4,29.65,74.65,-0.05322800543573169,-0.4073737574948205,"{""type"":""Point"",""coordinates"":[74.65000000000002,29.650000000000002]}"
233,,,2.4225043709213978E-4,29.65,74.8,-0.07896822624736366,-0.40584889584117473,"{""type"":""Point"",""coordinates"":[74.8,29.650000000000006]}"
234,,,2.0979228194173234E-4,29.65,74.95,-0.12391078538364837,-0.41059709191322324,"{""type"":""Point"",""coordinates"":[74.95,29.650000000000002]}"
235,,,2.460850677993586E-4,29.65,75.1,-0.20052143534024555,-0.3963474174340567,"{""type"":""Point"",""coordinates"":[75.1,29.650000000000002]}"
236,,,2.339838931250582E-4,29.65,75.25,-0.23512192633416917,-0.36892635623613995,"{""type"":""Point"",""coordinates"":[75.25,29.650000000000002]}"
237,,,2.4034808500961657E-4,29.65,75.4,-0.20781208475430804,-0.37680972483423025,"{""type"":""Point"",""coordinates"":[75.4,29.650000000000002]}"
238,,,2.3632927848637412E-4,29.65,75.55,-0.20984964172045392,-0.36278520226478567,"{""type"":""Point"",""coordinates"":[75.55,29.650000000000002]}"
239,,,2.46970390766556E-4,29.65,75.7,-0.1691595375537873,-0.3791884005069732,"{""type"":""Point"",""coordinates"":[75.7,29.650000000000006]}"
240,,,2.3499047031351057E-4,29.65,75.85,-0.10941324035326636,-0.40627817644013303,"{""type"":""Point"",""coordinates"":[75.85000000000001,29.650000000000002]}"
241,,,2.742906192977106E-4,29.65,76.0,0.00887017978562255,-0.4533352646562788,"{""type"":""Point"",""coordinates"":[76.0,29.650000000000006]}"
242,,,2.66381840098768E-4,29.65,76.15,0.13984891242451145,-0.4965864717960357,"{""type"":""Point"",""coordinates"":[76.15,29.650000000000002]}"
243,,,2.3778242302975047E-4,29.65,76.3,0.22215549879603916,-0.5094838784800636,"{""type"":""Point"",""coordinates"":[76.3,29.650000000000002]}"
244,,,2.733199477961367E-4,29.65,76.45,0.4048784805668724,-0.5212117837535011,"{""type"":""Point"",""coordinates"":[76.45,29.650000000000002]}"
245,,,2.8166668587237324E-4,29.65,76.6,0.4653385500113171,-0.5122938692569731,"{""type"":""Point"",""coordinates"":[76.6,29.650000000000006]}"
246,,,2.8325809549249763E-4,29.65,76.75,0.5419997235139211,-0.5037445392873551,"{""type"":""Point"",""coordinates"":[76.75,29.650000000000006]}"
247,,,2.946417249966936E-4,29.65,76.9,0.6918088191085391,-0.5092370251814525,"{""type"":""Point"",""coordinates"":[76.90000000000002,29.650000000000006]}"
248,,,2.751908418002353E-4,29.65,77.05,0.7035126494036779,-0.5670851290225982,"{""type"":""Point"",""coordinates"":[77.05,29.650000000000002]}"
249,,,2.8632820624546095E-4,29.65,77.2,0.6604587892691296,-0.5744707220130498,"{""type"":""Point"",""coordinates"":[77.2,29.650000000000006]}"
250,,,3.052235808026656E-4,29.65,77.35,0.5965010662873586,-0.5751444823212093,"{""type"":""Point"",""coordinates"":[77.35,29.650000000000006]}"
251,,,2.7752459718753344E-4,29.65,77.5,0.5689121584097545,-0.5614593830373552,"{""type"":""Point"",""coordinates"":[77.5,29.650000000000002]}"
252,,,2.2669197600976853E-4,29.8,74.5,-0.11684664421611367,-0.4186889972951677,"{""type"":""Point"",""coordinates"":[74.5,29.800000000000004]}"
253,,,2.379241068759169E-4,29.8,74.65,-0.11437200771437747,-0.4188232746389178,"{""type"":""Point"",""coordinates"":[74.65000000000002,29.799999999999997]}"
254,,,2.378971420806292E-4,29.8,74.8,-0.129758631520801,-0.4054040173689525,"{""type"":""Point"",""coordinates"":[74.8,29.800000000000004]}"
255,,,2.4560176982931783E-4,29.8,74.95,-0.1540655434131622,-0.40090097917450795,"{""type"":""Point"",""coordinates"":[74.95,29.800000000000004]}"
256,,,2.3587578983612419E-4,29.8,75.1,-0.22019001444180797,-0.38954335384898725,"{""type"":""Point"",""coordinates"":[75.1,29.800000000000004]}"
257,,,2.404415546809217E-4,29.8,75.25,-0.19532598720656505,-0.3795285019609664,"{""type"":""Point"",""coordinates"":[75.25,29.800000000000004]}"
258,313.510009765625,,2.577663443543772E-4,29.8,75.4,-0.1550485485129886,-0.39590389529863995,"{""type"":""Point"",""coordinates"":[75.4,29.800000000000004]}"
259,316.30999755859375,,2.555693757085528E-4,29.8,75.55,-0.1154146916336484,-0.40953914920488993,"{""type"":""Point"",""coordinates"":[75.55,29.800000000000004]}"
260,314.489990234375,,2.430175527267634E-4,29.8,75.7,-0.07682487501038442,-0.4232103460364872,"{""type"":""Point"",""coordinates"":[75.7,29.800000000000004]}"
261,335.8299865722656,,2.676280892818946E-4,29.8,75.85,-0.012886479828092835,-0.4487796684106191,"{""type"":""Point"",""coordinates"":[75.85000000000001,29.800000000000004]}"
262,325.5899963378906,,2.4690899383484504E-4,29.8,76.0,0.11330133212937248,-0.4919600069522857,"{""type"":""Point"",""coordinates"":[76.0,29.800000000000004]}"
263,319.79998779296875,,2.6407383570716225E-4,29.8,76.15,0.21906711988978914,-0.5334150850772859,"{""type"":""Point"",""coordinates"":[76.15,29.800000000000004]}"
264,,,2.7445821791161144E-4,29.8,76.3,0.2989051732752058,-0.5475803275903066,"{""type"":""Point"",""coordinates"":[76.3,29.800000000000004]}"
265,,,2.8581861236099033E-4,29.8,76.45,0.4596331192387474,-0.5500610676076678,"{""type"":""Point"",""coordinates"":[76.45,29.800000000000004]}"
266,,,2.885760129510921E-4,29.8,76.6,0.5092282527022892,-0.5380527396996816,"{""type"":""Point"",""coordinates"":[76.6,29.800000000000004]}"
267,,,2.651534580517155E-4,29.8,76.75,0.5443770428498586,-0.5176561468177371,"{""type"":""Point"",""coordinates"":[76.75,29.800000000000004]}"
268,,,2.6112323617709496E-4,29.8,76.9,0.6682936688264208,-0.5146945854028067,"{""type"":""Point"",""coordinates"":[76.90000000000002,29.800000000000004]}"
269,,,2.5743815481487703E-4,29.8,77.05,0.6200202855798934,-0.5293548908498552,"{""type"":""Point"",""coordinates"":[77.05,29.800000000000004]}"
270,311.6199951171875,,2.807501963211536E-4,29.8,77.2,0.5402493708663516,-0.5129577961232927,"{""type"":""Point"",""coordinates"":[77.2,29.800000000000004]}"
271,,,2.745935946684612E-4,29.8,77.35,0.3824209339088865,-0.5032803330156538,"{""type"":""Point"",""coordinates"":[77.35,29.800000000000004]}"
272,,,2.7707038678621734E-4,29.8,77.5,0.3531674616866642,-0.4876933104462094,"{""type"":""Point"",""coordinates"":[77.5,29.800000000000004]}"
273,315.25,,2.4514875378315026E-4,29.95,74.5,-0.1784751978185442,-0.4300418754418691,"{""type"":""Point"",""coordinates"":[74.5,29.95]}"
274,,,2.154200399398675E-4,29.95,74.65,-0.181541536251704,-0.4267239365312789,"{""type"":""Point"",""coordinates"":[74.65000000000002,29.95]}"
275,,,2.4045302309322903E-4,29.95,74.8,-0.19630356695916923,-0.4119385090139176,"{""type"":""Point"",""coordinates"":[74.8,29.95]}"
276,,,2.2837915696665958E-4,29.95,74.95,-0.20723903245396075,-0.4014604681067998,"{""type"":""Point"",""coordinates"":[74.95,29.95]}"
277,,,2.6492734596420697E-4,29.95,75.1,-0.21257723503642606,-0.39023610287242455,"{""type"":""Point"",""coordinates"":[75.1,29.95]}"
278,,,2.7319831523189955E-4,29.95,75.25,-0.15713730719354416,-0.38796423872311914,"{""type"":""Point"",""coordinates"":[75.25,29.95]}"
279,,,2.714326084300031E-4,29.95,75.4,-0.11640515658590529,-0.4052110784583622,"{""type"":""Point"",""coordinates"":[75.4,29.95]}"
280,,,2.3545216712777495E-4,29.95,75.55,-0.03335733215014136,-0.4480384303463831,"{""type"":""Point"",""coordinates"":[75.55,29.95]}"
281,,,2.603093415526319E-4,29.95,75.7,0.02007352179951141,-0.4657013263967302,"{""type"":""Point"",""coordinates"":[75.7,29.95]}"
282,310.6000061035156,,2.6963190064336137E-4,29.95,75.85,0.09275961120923361,-0.4880585041311051,"{""type"":""Point"",""coordinates"":[75.85000000000001,29.95]}"
283,,,2.645903403452398E-4,29.95,76.0,0.22033326029777525,-0.5306715548038483,"{""type"":""Point"",""coordinates"":[76.0,29.95]}"
284,,,2.855821751402161E-4,29.95,76.15,0.30759386685159473,-0.5701426512665219,"{""type"":""Point"",""coordinates"":[76.15,29.950000000000006]}"
285,,,2.7489875366828895E-4,29.95,76.3,0.3705729928281573,-0.5821536918481189,"{""type"":""Point"",""coordinates"":[76.3,29.95]}"
286,,,3.0122621724923404E-4,29.95,76.45,0.5073626114262478,-0.5761339300208621,"{""type"":""Point"",""coordinates"":[76.45,29.95]}"
287,,,2.457762990371282E-4,29.95,76.6,0.5606076472335391,-0.5659885307153066,"{""type"":""Point"",""coordinates"":[76.6,29.95]}"
288,,,2.648209070979818E-4,29.95,76.75,0.5858531441953446,-0.5422933267222508,"{""type"":""Point"",""coordinates"":[76.75,29.950000000000006]}"
289,,,2.9126544534454046E-4,29.95,76.9,0.6444947050677408,-0.5129706813229455,"{""type"":""Point"",""coordinates"":[76.90000000000002,29.95]}"
290,,,2.649583611453767E-4,29.95,77.05,0.5086972468429141,-0.47065873742103576,"{""type"":""Point"",""coordinates"":[77.05,29.95]}"
291,,,2.718808838181463E-4,29.95,77.2,0.4268209583229489,-0.45036013987329265,"{""type"":""Point"",""coordinates"":[77.2,29.950000000000006]}"
292,,,2.598915112082974E-4,29.95,77.35,0.22768358853128226,-0.43750104970402187,"{""type"":""Point"",""coordinates"":[77.35,29.950000000000006]}"
293,,,2.9568667736514285E-4,29.95,77.5,0.1454607559574975,-0.4236230115095775,"{""type"":""Point"",""coordinates"":[77.5,29.95]}"
294,316.3699951171875,,2.2315046421881397E-4,30.1,74.5,-0.2280872854921553,-0.40901797678735513,"{""type"":""Point"",""coordinates"":[74.5,30.099999999999998]}"
295,,,2.028166690582093E-4,30.1,74.65,-0.2250457002056969,-0.40928381880124404,"{""type"":""Point"",""coordinates"":[74.65000000000002,30.099999999999998]}"
296,314.2200012207031,,2.497476660447354E-4,30.1,74.8,-0.23237670063972468,-0.40251603722572327,"{""type"":""Point"",""coordinates"":[74.8,30.099999999999998]}"
297,322.0799865722656,,2.2061216533524538E-4,30.1,74.95,-0.229154383473926,-0.4081112656328412,"{""type"":""Point"",""coordinates"":[74.95,30.099999999999998]}"
298,318.7099914550781,,2.3826777232930992E-4,30.1,75.1,-0.1904207951492734,-0.4584313611189525,"{""type"":""Point"",""coordinates"":[75.1,30.100000000000005]}"
299,324.5199890136719,,2.443155594081849E-4,30.1,75.25,-0.13184976379076635,-0.4895636989010706,"{""type"":""Point"",""coordinates"":[75.25,30.099999999999998]}"
300,311.2300109863281,,2.722767702043322E-4,30.1,75.4,-0.08941981858677331,-0.5084974825382234,"{""type"":""Point"",""coordinates"":[75.4,30.099999999999998]}"
301,,,2.47773532163735E-4,30.1,75.55,0.029606874121559983,-0.577441777785619,"{""type"":""Point"",""coordinates"":[75.55,30.099999999999998]}"
302,321.7799987792969,,2.5509875522734685E-4,30.1,75.7,0.08917142219013638,-0.5820672253767649,"{""type"":""Point"",""coordinates"":[75.7,30.099999999999998]}"
303,,,2.6234838405548243E-4,30.1,75.85,0.14958130717277524,-0.5802632974253759,"{""type"":""Point"",""coordinates"":[75.85000000000001,30.100000000000005]}"
304,312.6700134277344,,2.6857045523899476E-4,30.1,76.0,0.2718503230147892,-0.6152238958411747,"{""type"":""Point"",""coordinates"":[76.0,30.099999999999998]}"
305,,,2.552859440137044E-4,30.1,76.15,0.3315071019861433,-0.5909237656328412,"{""type"":""Point"",""coordinates"":[76.15,30.099999999999998]}"
306,,,2.586414567034233E-4,30.1,76.3,0.3704468535052406,-0.5549028509192997,"{""type"":""Point"",""coordinates"":[76.3,30.099999999999998]}"
307,314.6499938964844,,2.9271042995048066E-4,30.1,76.45,0.4832211726241641,-0.49285518924395244,"{""type"":""Point"",""coordinates"":[76.45,30.099999999999998]}"
308,,311.010009765625,2.802746636906765E-4,30.1,76.6,0.5322914037439558,-0.47961259484291097,"{""type"":""Point"",""coordinates"":[76.6,30.100000000000005]}"
309,,,2.8415750914831796E-4,30.1,76.75,0.5578678468863171,-0.4475237005286745,"{""type"":""Point"",""coordinates"":[76.75,30.100000000000005]}"
310,,,2.801471541951584E-4,30.1,76.9,0.5617388321293725,-0.35939469933509827,"{""type"":""Point"",""coordinates"":[76.90000000000002,30.100000000000005]}"
311,,,2.7936560105879026E-4,30.1,77.05,0.37348301344447665,-0.2689840005503761,"{""type"":""Point"",""coordinates"":[77.05,30.099999999999998]}"
312,,,2.7826770445354244E-4,30.1,77.2,0.2904674020078447,-0.24531626237763296,"{""type"":""Point"",""coordinates"":[77.2,30.100000000000005]}"
313,,,2.95859875841765E-4,30.1,77.35,0.027644932932323917,-0.2788320230113136,"{""type"":""Point"",""coordinates"":[77.35,30.099999999999998]}"
314,,,3.003668247726212E-4,30.1,77.5,-0.1350056204530928,-0.32747466895315386,"{""type"":""Point"",""coordinates"":[77.5,30.099999999999998]}"
315,316.70001220703125,,2.648191919673557E-4,30.25,74.5,-0.22746743957201637,-0.3676378362708622,"{""type"":""Point"",""coordinates"":[74.5,30.25]}"
316,,,2.3803223181785777E-4,30.25,74.65,-0.21941791971524569,-0.37079979644881356,"{""type"":""Point"",""coordinates"":[74.65000000000002,30.25]}"
317,309.0299987792969,,2.300097624544488E-4,30.25,74.8,-0.19678540560934285,-0.41771786014238976,"{""type"":""Point"",""coordinates"":[74.8,30.25]}"
318,313.3599853515625,,2.684206528569646E-4,30.25,74.95,-0.18473028408156503,-0.4337416231632233,"{""type"":""Point"",""coordinates"":[74.95,30.250000000000007]}"
319,325.1600036621094,,2.6636575829815334E-4,30.25,75.1,-0.1681951820850373,-0.47344126237763295,"{""type"":""Point"",""coordinates"":[75.1,30.250000000000007]}"
320,,,2.4609963529570943E-4,30.25,75.25,-0.11715181999736364,-0.5258572373125288,"{""type"":""Point"",""coordinates"":[75.25,30.250000000000007]}"
321,,316.1499938964844,2.588575148273902E-4,30.25,75.4,-0.0853677623801761,-0.5375034232934316,"{""type"":""Point"",""coordinates"":[75.4,30.249999999999996]}"
322,313.739990234375,,2.3121207792025348E-4,30.25,75.55,0.032653884755240524,-0.6094879474904801,"{""type"":""Point"",""coordinates"":[75.55,30.249999999999996]}"
323,320.5400085449219,,2.215987875921837E-4,30.25,75.7,0.07796367208162945,-0.6351044025686056,"{""type"":""Point"",""coordinates"":[75.7,30.249999999999996]}"
324,,,2.62478122837684E-4,30.25,75.85,0.13412381476826138,-0.6323340846432579,"{""type"":""Point"",""coordinates"":[75.85000000000001,30.250000000000007]}"
325,324.04998779296875,,2.68590855131091E-4,30.25,76.0,0.26226475172572666,-0.6411017848385703,"{""type"":""Point"",""coordinates"":[76.0,30.25]}"
326,317.0199890136719,,2.6917885457855974E-4,30.25,76.15,0.3279094186094073,-0.5989241182804108,"{""type"":""Point"",""coordinates"":[76.15,30.250000000000007]}"
327,,,2.709474872234703E-4,30.25,76.3,0.3962884604930877,-0.5792741888099247,"{""type"":""Point"",""coordinates"":[76.3,30.25]}"
328,,,2.791671705166374E-4,30.25,76.45,0.5111691706710393,-0.499161477221383,"{""type"":""Point"",""coordinates"":[76.45,30.25]}"
329,,,2.7114818118211735E-4,30.25,76.6,0.5048852622509,-0.516635842455758,"{""type"":""Point"",""coordinates"":[76.6,30.250000000000007]}"
330,,,2.5035271002314273E-4,30.25,76.75,0.5035021377934351,-0.5092773762014177,"{""type"":""Point"",""coordinates"":[76.75,30.250000000000007]}"
331,,,2.585324858797344E-4,30.25,76.9,0.47707662781079613,-0.42750484744707756,"{""type"":""Point"",""coordinates"":[76.90000000000002,30.25]}"
332,,,2.8053625995846346E-4,30.25,77.05,0.2804606881406572,-0.3376356661319732,"{""type"":""Point"",""coordinates"":[77.05,30.25]}"
333,,,2.648398333684666E-4,30.25,77.2,0.17933052049742804,-0.27339853776825795,"{""type"":""Point"",""coordinates"":[77.2,30.250000000000007]}"
334,,,2.8501437676123874E-4,30.25,77.35,-0.1116423798931969,-0.27987640235159134,"{""type"":""Point"",""coordinates"":[77.35,30.25]}"
335,,,2.692948804661857E-4,30.25,77.5,-0.22622639139493306,-0.3034783581892649,"{""type"":""Point"",""coordinates"":[77.5,30.249999999999996]}"
336,319.94000244140625,,2.3646992588516054E-4,30.4,74.5,-0.19386758605639146,-0.34196509321530644,"{""type"":""Point"",""coordinates"":[74.5,30.4]}"
337,,,2.3817140277792228E-4,30.4,74.65,-0.18639722201559278,-0.3529514213403066,"{""type"":""Point"",""coordinates"":[74.65000000000002,30.4]}"
338,,,2.459345679637885E-4,30.4,74.8,-0.16241583095656503,-0.41841942535506355,"{""type"":""Point"",""coordinates"":[74.8,30.4]}"
339,,,2.5197169206053364E-4,30.4,74.95,-0.1507133569982317,-0.439818012052112,"{""type"":""Point"",""coordinates"":[74.95,30.4]}"
340,,,2.4390054608987497E-4,30.4,75.1,-0.14950960808330105,-0.47335276140107047,"{""type"":""Point"",""coordinates"":[75.1,30.4]}"
341,312.9200134277344,,2.37824018197691E-4,30.4,75.25,-0.1090734779834747,-0.5095266030894384,"{""type"":""Point"",""coordinates"":[75.25,30.4]}"
342,,,2.602565512431321E-4,30.4,75.4,-0.08706826965014139,-0.5067101697127024,"{""type"":""Point"",""coordinates"":[75.4,30.4]}"
343,313.260009765625,,2.6613166179626126E-4,30.4,75.55,0.0027585261397891376,-0.5549808402856193,"{""type"":""Point"",""coordinates"":[75.55,30.4]}"
344,,,2.5089203196202847E-4,30.4,75.7,0.04025377896096973,-0.5848019394609664,"{""type"":""Point"",""coordinates"":[75.7,30.4]}"
345,,,2.633841062746922E-4,30.4,75.85,0.08514750997225445,-0.598892922533883,"{""type"":""Point"",""coordinates"":[75.85000000000001,30.4]}"
346,312.3999938964844,,2.579465883794882E-4,30.4,76.0,0.22264784905645582,-0.6269002603160009,"{""type"":""Point"",""coordinates"":[76.0,30.4]}"
347,,,2.6304815104197986E-4,30.4,76.15,0.33616544074482396,-0.6196363985538481,"{""type"":""Point"",""coordinates"":[76.15,30.4]}"
348,,,2.566188061974936E-4,30.4,76.3,0.4163256241215601,-0.6036641763316261,"{""type"":""Point"",""coordinates"":[76.3,30.4]}"
349,,,2.863568148979386E-4,30.4,76.45,0.5479648927847546,-0.5617001328203414,"{""type"":""Point"",""coordinates"":[76.45,30.4]}"
350,,315.4100036621094,2.6997569805065107E-4,30.4,76.6,0.5290066950851017,-0.5942962970998554,"{""type"":""Point"",""coordinates"":[76.6,30.4]}"
351,,,2.719507281750254E-4,30.4,76.75,0.49504402147399046,-0.6404175129201677,"{""type"":""Point"",""coordinates"":[76.75,30.4]}"
352,,,2.527898464189226E-4,30.4,76.9,0.427078323231803,-0.5941494736406538,"{""type"":""Point"",""coordinates"":[76.90000000000002,30.4]}"
353,,,2.812021882958208E-4,30.4,77.05,0.22605835795402524,-0.5266222112708622,"{""type"":""Point"",""coordinates"":[77.05,30.4]}"
354,,313.69000244140625,2.3440975800203425E-4,30.4,77.2,0.12776564690801837,-0.4559109482500288,"{""type"":""Point"",""coordinates"":[77.2,30.4]}"
355,,,2.483448146625248E-4,30.4,77.35,-0.10156920552253722,-0.35723812381426506,"{""type"":""Point"",""coordinates"":[77.35,30.4]}"
356,,,2.2856189499220086E-4,30.4,77.5,-0.18496696485413447,-0.3603088703420428,"{""type"":""Point"",""coordinates"":[77.5,30.4]}"
357,316.1199951171875,,2.3854572078420066E-4,30.55,74.5,-0.1301485783523983,-0.36653377811113985,"{""type"":""Point"",""coordinates"":[74.5,30.55]}"
358,314.760009765625,,2.4927056576793614E-4,30.55,74.65,-0.12331976162062748,-0.3910109102725983,"{""type"":""Point"",""coordinates"":[74.65000000000002,30.55]}"
359,310.29998779296875,,2.3309512557641955E-4,30.55,74.8,-0.08742634256680805,-0.43551096452607035,"{""type"":""Point"",""coordinates"":[74.8,30.55]}"
360,,,2.4164976097978836E-4,30.55,74.95,-0.08020215365621777,-0.43273454308509807,"{""type"":""Point"",""coordinates"":[74.95,30.55]}"
361,310.92999267578125,,2.4530256662605313E-4,30.55,75.1,-0.10392177171177334,-0.43882924252086203,"{""type"":""Point"",""coordinates"":[75.1,30.55]}"
362,,,2.754433580303882E-4,30.55,75.25,-0.08304774827427337,-0.4510233885712094,"{""type"":""Point"",""coordinates"":[75.25,30.55]}"
363,,,2.44574626371727E-4,30.55,75.4,-0.06571003397305804,-0.4557203829288483,"{""type"":""Point"",""coordinates"":[75.4,30.55]}"
364,,,2.4385910829995456E-4,30.55,75.55,-0.008041983842849718,-0.553629250658883,"{""type"":""Point"",""coordinates"":[75.55,30.55]}"
365,,,2.559653652202381E-4,30.55,75.7,0.04283895691235861,-0.6109619465139177,"{""type"":""Point"",""coordinates"":[75.7,30.55]}"
366,,,2.881856141696766E-4,30.55,75.85,0.07813694410853915,-0.6399743298689525,"{""type"":""Point"",""coordinates"":[75.85000000000001,30.55]}"
367,309.6400146484375,,2.934809141646675E-4,30.55,76.0,0.21467123230298366,-0.6862247367699941,"{""type"":""Point"",""coordinates"":[76.0,30.55]}"
368,,,3.0061748785682675E-4,30.55,76.15,0.39241476257642105,-0.7203898436493344,"{""type"":""Point"",""coordinates"":[76.15,30.55]}"
369,,312.6499938964844,2.850780600189304E-4,30.55,76.3,0.4255436281363171,-0.7127065347300637,"{""type"":""Point"",""coordinates"":[76.3,30.55]}"
370,315.8599853515625,,2.956996055302708E-4,30.55,76.45,0.5591200848420461,-0.7094238605764177,"{""type"":""Point"",""coordinates"":[76.45,30.55]}"
371,,,2.6997250822783525E-4,30.55,76.6,0.5402035944991642,-0.7533515406979456,"{""type"":""Point"",""coordinates"":[76.6,30.55]}"
372,,,2.6224139884293874E-4,30.55,76.75,0.4500146567821504,-0.8146677977508967,"{""type"":""Point"",""coordinates"":[76.75,30.550000000000008]}"
373,,,2.6752242988060086E-4,30.55,76.9,0.2841638267040254,-0.8315080755286748,"{""type"":""Point"",""coordinates"":[76.90000000000002,30.550000000000008]}"
374,,,2.607656649003173E-4,30.55,77.05,0.10920892490281003,-0.7627217935191263,"{""type"":""Point"",""coordinates"":[77.05,30.55]}"
375,,,2.2510321297497415E-4,30.55,77.2,0.012869338856803041,-0.6997043510278066,"{""type"":""Point"",""coordinates"":[77.2,30.55]}"
376,,,2.2139518774793083E-4,30.55,77.35,-0.03936793870396083,-0.5016055961449942,"{""type"":""Point"",""coordinates"":[77.35,30.55]}"
377,,,1.813663268724092E-4,30.55,77.5,0.008062481217914164,-0.3947021808889177,"{""type"":""Point"",""coordinates"":[77.5,30.55]}"
378,313.9700012207031,,2.3343527924519467E-4,30.7,74.5,-0.10436292025778032,-0.41108842492103576,"{""type"":""Point"",""coordinates"":[74.5,30.7]}"
379,,,2.2766210892229474E-4,30.7,74.65,-0.09391743143399553,-0.43522274295489,"{""type"":""Point"",""coordinates"":[74.65000000000002,30.699999999999992]}"
380,317.010009765625,,2.2960947026382018E-4,30.7,74.8,-0.03811909159024551,-0.4358707328637441,"{""type"":""Point"",""coordinates"":[74.8,30.699999999999992]}"
381,,,2.5311301697408367E-4,30.7,74.95,-0.02697915832201638,-0.4259118298689524,"{""type"":""Point"",""coordinates"":[74.95,30.7]}"
382,312.1199951171875,,2.7414102785605805E-4,30.7,75.1,-0.0757296330398983,-0.41074730621443856,"{""type"":""Point"",""coordinates"":[75.1,30.7]}"
383,,,2.554274382890482E-4,30.7,75.25,-0.07342826856507202,-0.43026194108857047,"{""type"":""Point"",""coordinates"":[75.25,30.7]}"
384,,,2.7473146758969294E-4,30.7,75.4,-0.06604233649041913,-0.45589263770315375,"{""type"":""Point"",""coordinates"":[75.4,30.7]}"
385,311.55999755859375,,2.688475060145382E-4,30.7,75.55,-0.009839808278613625,-0.5662842121389178,"{""type"":""Point"",""coordinates"":[75.55,30.699999999999992]}"
386,,,2.5332291952862186E-4,30.7,75.7,0.05540948642624747,-0.6490458495087094,"{""type"":""Point"",""coordinates"":[75.7,30.7]}"
387,,,2.8072430071779414E-4,30.7,75.85,0.11298089755905999,-0.7110962238576674,"{""type"":""Point"",""coordinates"":[75.85000000000001,30.7]}"
388,,,2.7107563131593623E-4,30.7,76.0,0.2830801135963864,-0.7610314587752025,"{""type"":""Point"",""coordinates"":[76.0,30.7]}"
389,,,2.9412716849160076E-4,30.7,76.15,0.4862488554583655,-0.7990923040442993,"{""type"":""Point"",""coordinates"":[76.15,30.7]}"
390,,,3.11327261886883E-4,30.7,76.3,0.49354425205124763,-0.7901818494002025,"{""type"":""Point"",""coordinates"":[76.3,30.7]}"
391,,,2.6262847855935896E-4,30.7,76.45,0.5534109241432615,-0.788656309578154,"{""type"":""Point"",""coordinates"":[76.45,30.7]}"
392,,,2.901948500926937E-4,30.7,76.6,0.4732212404410044,-0.8430186278290218,"{""type"":""Point"",""coordinates"":[76.6,30.7]}"
393,,,2.7424755267282496E-4,30.7,76.75,0.3356184979279836,-0.9107069551944732,"{""type"":""Point"",""coordinates"":[76.75,30.7]}"
394,,,2.3484491553635867E-4,30.7,76.9,0.15184944139586554,-0.9281870848602721,"{""type"":""Point"",""coordinates"":[76.90000000000002,30.7]}"
395,,,1.9230533409492407E-4,30.7,77.05,0.04860542284117803,-0.8314677245087092,"{""type"":""Point"",""coordinates"":[77.05,30.7]}"
396,,,1.9715391565298043E-4,30.7,77.2,0.005779088205761358,-0.7558234645260704,"{""type"":""Point"",""coordinates"":[77.2,30.7]}"
397,,,1.4544589713996243E-4,30.7,77.35,0.09004049499829606,-0.5253394557370079,"{""type"":""Point"",""coordinates"":[77.35,30.7]}"
398,,,1.6336935516525275E-4,30.7,77.5,0.13942946526739328,-0.4161716361840566,"{""type"":""Point"",""coordinates"":[77.5,30.7]}"
399,318.9200134277344,,2.5299178834003636E-4,30.85,74.5,-0.10152987175517618,-0.43534040517277195,"{""type"":""Point"",""coordinates"":[74.5,30.85]}"
400,,,2.3792399071801307E-4,30.85,74.65,-0.06398985981941219,-0.4531291014618344,"{""type"":""Point"",""coordinates"":[74.65000000000002,30.85]}"
401,310.7799987792969,,2.3553676749807657E-4,30.85,74.8,-0.00751199523607889,-0.4386125677161748,"{""type"":""Point"",""coordinates"":[74.8,30.85]}"
402,320.04998779296875,,2.4846096582897945E-4,30.85,74.95,0.012805251942740554,-0.4286760442786746,"{""type"":""Point"",""coordinates"":[74.95,30.85]}"
403,320.4700012207031,,2.5718394925992297E-4,30.85,75.1,-0.050063671668370585,-0.40869109961721634,"{""type"":""Point"",""coordinates"":[75.1,30.85]}"
404,312.0299987792969,,2.615341436917422E-4,30.85,75.25,-0.045033018456564995,-0.42514414323700805,"{""type"":""Point"",""coordinates"":[75.25,30.85]}"
405,309.17999267578125,,2.608685427861005E-4,30.85,75.4,-0.04232746561368306,-0.46063235667016783,"{""type"":""Point"",""coordinates"":[75.4,30.849999999999994]}"
406,,,2.5729832886687616E-4,30.85,75.55,0.013830303483539159,-0.5709001653724249,"{""type"":""Point"",""coordinates"":[75.55,30.85]}"
407,,,2.5748997792685664E-4,30.85,75.7,0.08002598219447668,-0.6554714951250288,"{""type"":""Point"",""coordinates"":[75.7,30.85]}"
408,,,2.8013538665717545E-4,30.85,75.85,0.16559693217277527,-0.736289501852459,"{""type"":""Point"",""coordinates"":[75.85000000000001,30.85]}"
409,,,3.348218827982557E-4,30.85,76.0,0.37240913377867807,-0.814987215068605,"{""type"":""Point"",""coordinates"":[76.0,30.85]}"
410,,,2.767229180556029E-4,30.85,76.15,0.5753601835833656,-0.8529585421085357,"{""type"":""Point"",""coordinates"":[76.15,30.85]}"
411,,,2.6633782488804297E-4,30.85,76.3,0.582647103071213,-0.8440738578637441,"{""type"":""Point"",""coordinates"":[76.3,30.85]}"
412,,,2.6374467188806786E-4,30.85,76.45,0.5047255535920463,-0.8261084987057583,"{""type"":""Point"",""coordinates"":[76.45,30.85]}"
413,,,2.883617173800571E-4,30.85,76.6,0.34444214701652537,-0.8487945881154805,"{""type"":""Point"",""coordinates"":[76.6,30.85]}"
414,,,2.699000897041608E-4,30.85,76.75,0.19182645148701136,-0.9184730006588832,"{""type"":""Point"",""coordinates"":[76.75,30.85]}"
415,,,2.1495370064367224E-4,30.85,76.9,0.008248638444476663,-0.9359307507673897,"{""type"":""Point"",""coordinates"":[76.90000000000002,30.85]}"
416,,,1.5796574102805054E-4,30.85,77.05,-0.016783913638856684,-0.8006704019175636,"{""type"":""Point"",""coordinates"":[77.05,30.85]}"
417,,,1.6662067329995735E-4,30.85,77.2,0.031710891591178056,-0.7284040987491607,"{""type"":""Point"",""coordinates"":[77.2,30.85]}"
418,,,1.608068915213275E-4,30.85,77.35,0.17805217305819193,-0.4824052923255495,"{""type"":""Point"",""coordinates"":[77.35,30.85]}"
419,,,1.6869437671262263E-4,30.85,77.5,0.22514825595749757,-0.3746836668915219,"{""type"":""Point"",""coordinates"":[77.5,30.85]}"
420,,,2.734966660895991E-4,31.0,74.5,-0.0551034801536136,-0.4273173338837094,"{""type"":""Point"",""coordinates"":[74.5,30.999999999999993]}"
421,,,2.7749289315497934E-4,31.0,74.65,-0.009495637814203855,-0.4439375460147858,"{""type"":""Point"",""coordinates"":[74.65000000000002,30.999999999999993]}"
422,314.1199951171875,,2.667987742099586E-4,31.0,74.8,-0.016220355696148336,-0.4744480033715566,"{""type"":""Point"",""coordinates"":[74.8,30.999999999999993]}"
423,310.2300109863281,,2.685628082769483E-4,31.0,74.95,-0.008139640092849742,-0.4678890976640913,"{""type"":""Point"",""coordinates"":[74.95,30.999999999999993]}"
424,313.8599853515625,,2.7808960015919857E-4,31.0,75.1,-0.03180229200257198,-0.43200992014673023,"{""type"":""Point"",""coordinates"":[75.1,30.999999999999993]}"
425,,,2.5535637748796936E-4,31.0,75.25,0.01895759569274056,-0.4361708223819733,"{""type"":""Point"",""coordinates"":[75.25,30.999999999999993]}"
426,312.2300109863281,,2.6029991643737013E-4,31.0,75.4,0.07782736023267112,-0.46202633182207736,"{""type"":""Point"",""coordinates"":[75.4,30.999999999999993]}"
427,,,2.639459148094278E-4,31.0,75.55,0.18486335741149054,-0.5649536457326677,"{""type"":""Point"",""coordinates"":[75.55,30.999999999999993]}"
428,,,2.6572273410566794E-4,31.0,75.7,0.31403273675176835,-0.6442501816484663,"{""type"":""Point"",""coordinates"":[75.7,30.999999999999993]}"
429,,,2.9143304451885037E-4,31.0,75.85,0.4482883791128795,-0.723105569018258,"{""type"":""Point"",""coordinates"":[75.85000000000001,31.0]}"
430,,,3.0411792295880185E-4,31.0,76.0,0.6152781930234696,-0.8218099282847509,"{""type"":""Point"",""coordinates"":[76.0,30.999999999999993]}"
431,,,2.6215081110216243E-4,31.0,76.15,0.7118703967995114,-0.8718563828203407,"{""type"":""Point"",""coordinates"":[76.15,30.999999999999993]}"
432,,,2.797325463216755E-4,31.0,76.3,0.6101573434140949,-0.8630049288272856,"{""type"":""Point"",""coordinates"":[76.3,30.999999999999993]}"
433,,,2.573680259219254E-4,31.0,76.45,0.2561992135312823,-0.8131192002031541,"{""type"":""Point"",""coordinates"":[76.45,30.999999999999993]}"
434,,,2.703545439471616E-4,31.0,76.6,0.0771481745772891,-0.7345204995738136,"{""type"":""Point"",""coordinates"":[76.6,30.999999999999993]}"
435,,,2.0751306857991761E-4,31.0,76.75,-0.10131319695048858,-0.6469418320390915,"{""type"":""Point"",""coordinates"":[76.75,30.999999999999993]}"
436,,,1.717608825256214E-4,31.0,76.9,-0.25677245259284975,-0.5656694524817997,"{""type"":""Point"",""coordinates"":[76.90000000000002,31.0]}"
437,,,1.8625371020675803E-4,31.0,77.05,-0.15877542297045394,-0.310339727004369,"{""type"":""Point"",""coordinates"":[77.05,30.999999999999993]}"
438,,,1.5681428587233806E-4,31.0,77.2,-0.05479660895135667,-0.2472286972734662,"{""type"":""Point"",""coordinates"":[77.2,30.999999999999993]}"
439,,,1.5189509882668423E-4,31.0,77.35,0.17558940450350446,-0.1435655706458621,"{""type"":""Point"",""coordinates"":[77.35,30.999999999999993]}"
440,,,1.2595779751360724E-4,31.0,77.5,0.2150632136397892,-0.08523461090193854,"{""type"":""Point"",""coordinates"":[77.5,30.999999999999993]}"
441,,,2.9535873271399626E-4,31.15,74.5,-0.028277850813335836,-0.43817955719100105,"{""type"":""Point"",""coordinates"":[74.5,31.149999999999995]}"
442,,,2.8526730146973396E-4,31.15,74.65,0.021047032541698867,-0.4548296087317997,"{""type"":""Point"",""coordinates"":[74.65000000000002,31.14999999999999]}"
443,,,3.0081292044918456E-4,31.15,74.8,0.007951600684059975,-0.48717620703909126,"{""type"":""Point"",""coordinates"":[74.8,31.149999999999995]}"
444,,,2.571740244367893E-4,31.15,74.95,0.003144064876768296,-0.5047573837969037,"{""type"":""Point"",""coordinates"":[74.95,31.150000000000002]}"
445,318.8800048828125,,2.540978085113993E-4,31.15,75.1,-0.006626985470453898,-0.4702850666311055,"{""type"":""Point"",""coordinates"":[75.1,31.149999999999995]}"
446,,,2.6710665488181677E-4,31.15,75.25,0.04409390754169891,-0.4744415607717303,"{""type"":""Point"",""coordinates"":[75.25,31.150000000000002]}"
447,,313.5,2.660102271343356E-4,31.15,75.4,0.10235738952954608,-0.5005201876163483,"{""type"":""Point"",""coordinates"":[75.4,31.149999999999995]}"
448,,,2.652783921008772E-4,31.15,75.55,0.20374322666062253,-0.5978909287187789,"{""type"":""Point"",""coordinates"":[75.55,31.149999999999995]}"
449,313.25,,2.698773120343029E-4,31.15,75.7,0.3304433948463864,-0.6756788790225982,"{""type"":""Point"",""coordinates"":[75.7,31.149999999999995]}"
450,310.5400085449219,,2.751252882806678E-4,31.15,75.85,0.4603865643342336,-0.7519636690616607,"{""type"":""Point"",""coordinates"":[75.85000000000001,31.150000000000002]}"
451,,,2.582698179224342E-4,31.15,76.0,0.631625442372428,-0.8530039793915218,"{""type"":""Point"",""coordinates"":[76.0,31.149999999999995]}"
452,,,2.6620058819205406E-4,31.15,76.15,0.6250288983186086,-0.843417390849855,"{""type"":""Point"",""coordinates"":[76.15,31.150000000000002]}"
453,,,2.630928261778211E-4,31.15,76.3,0.46375841763284487,-0.8252709607283276,"{""type"":""Point"",""coordinates"":[76.3,31.149999999999995]}"
454,,,2.501262003001939E-4,31.15,76.45,0.09891500671704608,-0.7718475666311054,"{""type"":""Point"",""coordinates"":[76.45,31.149999999999995]}"
455,,,2.392602520200643E-4,31.15,76.6,-0.08014247483677332,-0.6960232529375288,"{""type"":""Point"",""coordinates"":[76.6,31.150000000000002]}"
456,,,2.0602933803146102E-4,31.15,76.75,-0.2533917831050026,-0.6084205104245078,"{""type"":""Point"",""coordinates"":[76.75,31.150000000000002]}"
457,,,1.60741589442341E-4,31.15,76.9,-0.30392719705899546,-0.45701704091495937,"{""type"":""Point"",""coordinates"":[76.90000000000002,31.150000000000002]}"
458,,,1.3819757086721448E-4,31.15,77.05,-0.19190767937236364,-0.2092597438229454,"{""type"":""Point"",""coordinates"":[77.05,31.149999999999995]}"
459,,,1.5053345797756205E-4,31.15,77.2,-0.0949726614687178,-0.1370151420434316,"{""type"":""Point"",""coordinates"":[77.2,31.149999999999995]}"
460,,,1.742662551356208E-4,31.15,77.35,0.13756212857034472,-0.06357526845402191,"{""type"":""Point"",""coordinates"":[77.35,31.149999999999995]}"
461,,,1.41980155360394E-4,31.15,77.5,0.15432204339239336,-0.04138898915714687,"{""type"":""Point"",""coordinates"":[77.5,31.149999999999995]}"
462,,,2.87464082284278E-4,31.3,74.5,0.022634624772601634,-0.48219133019447324,"{""type"":""Point"",""coordinates"":[74.5,31.300000000000004]}"
463,,318.1700134277344,3.1737949861115693E-4,31.3,74.65,0.0474111682838864,-0.527637768454022,"{""type"":""Point"",""coordinates"":[74.65000000000002,31.3]}"
464,,,2.8545862441816555E-4,31.3,74.8,-0.022081765201356685,-0.6212501002682579,"{""type"":""Point"",""coordinates"":[74.8,31.300000000000004]}"
465,,,2.922160559578267E-4,31.3,74.95,-0.04451082878642612,-0.6565758923689524,"{""type"":""Point"",""coordinates"":[74.95,31.300000000000004]}"
466,312.010009765625,,2.9118144343512445E-4,31.3,75.1,0.03433201246791414,-0.6119201984670428,"{""type"":""Point"",""coordinates"":[75.1,31.3]}"
467,,,2.8657785372089155E-4,31.3,75.25,0.09139818814065721,-0.6273458169566261,"{""type"":""Point"",""coordinates"":[75.25,31.300000000000004]}"
468,,,2.6851036870445815E-4,31.3,75.4,0.1159817927413517,-0.6704132404592305,"{""type"":""Point"",""coordinates"":[75.4,31.3]}"
469,,,3.1679171120118125E-4,31.3,75.55,0.15800042880906,-0.7751634710364872,"{""type"":""Point"",""coordinates"":[75.55,31.3]}"
470,,,2.9238085093063695E-4,31.3,75.7,0.17736688388718494,-0.8395091063446467,"{""type"":""Point"",""coordinates"":[75.7,31.3]}"
471,,,2.4082396967455434E-4,31.3,75.85,0.21245158712069193,-0.9058227863576679,"{""type"":""Point"",""coordinates"":[75.85000000000001,31.3]}"
472,,,2.722856064456371E-4,31.3,76.0,0.21908136142624748,-0.9310350530677369,"{""type"":""Point"",""coordinates"":[76.0,31.3]}"
473,,,2.362320715287351E-4,31.3,76.15,0.09365818434291415,-0.8650665607717302,"{""type"":""Point"",""coordinates"":[76.15,31.300000000000004]}"
474,,,2.1970784588524605E-4,31.3,76.3,-0.021546690331565,-0.7700602538055842,"{""type"":""Point"",""coordinates"":[76.3,31.3]}"
475,,,2.125614777526592E-4,31.3,76.45,-0.2776620739036136,-0.6138824787404801,"{""type"":""Point"",""coordinates"":[76.45,31.3]}"
476,,,2.000222169980426E-4,31.3,76.6,-0.35716307759284965,-0.5244218938880496,"{""type"":""Point"",""coordinates"":[76.6,31.300000000000004]}"
477,,,2.0624925261937118E-4,31.3,76.75,-0.3943711260954538,-0.4339359184106189,"{""type"":""Point"",""coordinates"":[76.75,31.3]}"
478,,,1.7511137261651998E-4,31.3,76.9,-0.36730712056159975,-0.3416087157196469,"{""type"":""Point"",""coordinates"":[76.90000000000002,31.300000000000004]}"
479,,,1.7460040591812993E-4,31.3,77.05,-0.2381933510303497,-0.31304222808943855,"{""type"":""Point"",""coordinates"":[77.05,31.3]}"
480,,,1.6951086593741115E-4,31.3,77.2,-0.15045836567878726,-0.25988060699568855,"{""type"":""Point"",""coordinates"":[77.2,31.300000000000004]}"
481,,,1.602905943381402E-4,31.3,77.35,0.037866626183191934,-0.19944698611895245,"{""type"":""Point"",""coordinates"":[77.35,31.3]}"
482,,,1.483553513218544E-4,31.3,77.5,0.04712362488110862,-0.17265492611461217,"{""type"":""Point"",""coordinates"":[77.5,31.3]}"
483,,,3.2543130542155127E-4,31.45,74.5,0.13319879306687246,-0.4369900498125288,"{""type"":""Point"",""coordinates"":[74.5,31.450000000000003]}"
484,,,2.9005075033499116E-4,31.45,74.65,0.11822178297572666,-0.4360324760278066,"{""type"":""Point"",""coordinates"":[74.65000000000002,31.450000000000003]}"
485,,,2.9983712580730447E-4,31.45,74.8,0.056204977962705835,-0.41751203603214687,"{""type"":""Point"",""coordinates"":[74.8,31.45000000000001]}"
486,,,3.0201912984279564E-4,31.45,74.95,0.042778260840309994,-0.44447397722138304,"{""type"":""Point"",""coordinates"":[74.95,31.450000000000003]}"
487,,,2.882412258399054E-4,31.45,75.1,0.05343533820576138,-0.4621189018090565,"{""type"":""Point"",""coordinates"":[75.1,31.45000000000001]}"
488,,,2.745745879269465E-4,31.45,75.25,-0.011940773990419195,-0.5835330863793691,"{""type"":""Point"",""coordinates"":[75.25,31.45000000000001]}"
489,,323.3800048828125,2.890366614558535E-4,31.45,75.4,-0.03457464443312751,-0.6575246499644386,"{""type"":""Point"",""coordinates"":[75.4,31.450000000000003]}"
490,,,2.939919248188527E-4,31.45,75.55,-0.011515901486078903,-0.7605974309974246,"{""type"":""Point"",""coordinates"":[75.55,31.450000000000003]}"
491,,,2.5494039077496474E-4,31.45,75.7,-0.020188997189203892,-0.7960503796736399,"{""type"":""Point"",""coordinates"":[75.7,31.450000000000003]}"
492,,,2.726146763016158E-4,31.45,75.85,-0.07706325120396083,-0.7809112873342303,"{""type"":""Point"",""coordinates"":[75.85000000000001,31.450000000000003]}"
493,,,2.6500710970404174E-4,31.45,76.0,-0.22666652268833581,-0.6269260307153066,"{""type"":""Point"",""coordinates"":[76.0,31.450000000000003]}"
494,,,2.5334212319054754E-4,31.45,76.15,-0.3700682832135093,-0.5218109455373553,"{""type"":""Point"",""coordinates"":[76.15,31.450000000000003]}"
495,,,2.2831765461903963E-4,31.45,76.3,-0.43104274339146076,-0.4450402478377025,"{""type"":""Point"",""coordinates"":[76.3,31.450000000000003]}"
496,,,2.518108984750555E-4,31.45,76.45,-0.4617875079313915,-0.3232398463620079,"{""type"":""Point"",""coordinates"":[76.45,31.450000000000003]}"
497,,,1.9789671666145582E-4,31.45,76.6,-0.4607095592551762,-0.3053809596432579,"{""type"":""Point"",""coordinates"":[76.6,31.45000000000001]}"
498,,,1.9780924812749852E-4,31.45,76.75,-0.47604871127340526,-0.2616455402639178,"{""type"":""Point"",""coordinates"":[76.75,31.450000000000003]}"
499,,,1.797562047253112E-4,31.45,76.9,-0.44403475456767616,-0.17935183909204266,"{""type"":""Point"",""coordinates"":[76.90000000000002,31.45000000000001]}"
500,,,1.1018457326288978E-4,31.45,77.05,-0.30364202724562755,-0.19606665571530654,"{""type"":""Point"",""coordinates"":[77.05,31.450000000000003]}"
501,,,1.418407814627929E-4,31.45,77.2,-0.22441364725430807,-0.235428567065133,"{""type"":""Point"",""coordinates"":[77.2,31.45000000000001]}"
502,,,1.1548064512851998E-4,31.45,77.35,-0.048637822601530274,-0.2629469454288482,"{""type"":""Point"",""coordinates"":[77.35,31.450000000000003]}"
503,,,1.1402664263235966E-4,31.45,77.5,-0.05202900369962054,-0.23662146528561923,"{""type"":""Point"",""coordinates"":[77.5,31.450000000000003]}"
504,,,3.198473684836273E-4,31.6,74.5,0.16891622742017115,-0.3932834525903066,"{""type"":""Point"",""coordinates"":[74.5,31.6]}"
505,316.989990234375,313.0,3.050267325429998E-4,31.6,74.65,0.15622701843579614,-0.39807369510332735,"{""type"":""Point"",""coordinates"":[74.65000000000002,31.599999999999994]}"
506,,,2.6571389615278837E-4,31.6,74.8,0.099730165137185,-0.3316837211449941,"{""type"":""Point"",""coordinates"":[74.8,31.6]}"
507,,,3.055117664423788E-4,31.6,74.95,0.08139859504169887,-0.32202829851044534,"{""type"":""Point"",""coordinates"":[74.95,31.6]}"
508,,317.94000244140625,2.698265419587398E-4,31.6,75.1,0.030508838097254458,-0.39076405697398714,"{""type"":""Point"",""coordinates"":[75.1,31.6]}"
509,,,2.816440396151471E-4,31.6,75.25,-0.03636500901646088,-0.5134572671519385,"{""type"":""Point"",""coordinates"":[75.25,31.6]}"
510,,,2.7141757282981075E-4,31.6,75.4,-0.07736130621698165,-0.5995880451467303,"{""type"":""Point"",""coordinates"":[75.4,31.6]}"
511,315.9800109863281,,2.899935941556083E-4,31.6,75.55,-0.14570033616489833,-0.6980926838186053,"{""type"":""Point"",""coordinates"":[75.55,31.6]}"
512,,,2.5921948053590104E-4,31.6,75.7,-0.20205409593052334,-0.6845065971215564,"{""type"":""Point"",""coordinates"":[75.7,31.6]}"
513,,,2.6941513280274553E-4,31.6,75.85,-0.2611086613602108,-0.6620619356632232,"{""type"":""Point"",""coordinates"":[75.85000000000001,31.6]}"
514,,,2.4119838278806728E-4,31.6,76.0,-0.4125114527013567,-0.5051676756805845,"{""type"":""Point"",""coordinates"":[76.0,31.6]}"
515,,,2.9508303776762824E-4,31.6,76.15,-0.5553052352534402,-0.3300540824731192,"{""type"":""Point"",""coordinates"":[76.15,31.6]}"
516,,,1.8442623670065537E-4,31.6,76.3,-0.5519822100798287,-0.2650723252031539,"{""type"":""Point"",""coordinates"":[76.3,31.599999999999994]}"
517,,,1.8191277307810533E-4,31.6,76.45,-0.5430917614036136,-0.1537597980764177,"{""type"":""Point"",""coordinates"":[76.45,31.6]}"
518,,,1.9616424597807572E-4,31.6,76.6,-0.5419704099496205,-0.13526038130124407,"{""type"":""Point"",""coordinates"":[76.6,31.6]}"
519,,,1.8424790963375036E-4,31.6,76.75,-0.5416055553489261,-0.1250091877248552,"{""type"":""Point"",""coordinates"":[76.75,31.6]}"
520,,,1.9744549280100796E-4,31.6,76.9,-0.4788814206918079,-0.1063537922170427,"{""type"":""Point"",""coordinates"":[76.90000000000002,31.6]}"
521,,,1.2257119156788753E-4,31.6,77.05,-0.3337957680225373,-0.132700295580758,"{""type"":""Point"",""coordinates"":[77.05,31.6]}"
522,,,9.187399497819018E-5,31.6,77.2,-0.25559210048781505,-0.16829938954777182,"{""type"":""Point"",""coordinates"":[77.2,31.6]}"
523,,,1.2215646565282348E-4,31.6,77.35,-0.09705328212844001,-0.26649512251218166,"{""type"":""Point"",""coordinates"":[77.35,31.6]}"
524,,,9.59004403874523E-5,31.6,77.5,-0.06758720411194698,-0.28776112728648706,"{""type"":""Point"",""coordinates"":[77.5,31.6]}"
525,,,2.972213840903327E-4,31.75,74.5,0.17326260871357388,-0.3754028644826678,"{""type"":""Point"",""coordinates"":[74.5,31.750000000000004]}"
526,,,3.016152385768134E-4,31.75,74.65,0.15922859178649054,-0.37688466244273733,"{""type"":""Point"",""coordinates"":[74.65000000000002,31.750000000000004]}"
527,,,3.0435872867356134E-4,31.75,74.8,0.10358521342277527,-0.31940039594968156,"{""type"":""Point"",""coordinates"":[74.8,31.750000000000004]}"
528,,,2.879318705669537E-4,31.75,74.95,0.07892124586635167,-0.3243812037838829,"{""type"":""Point"",""coordinates"":[74.95,31.750000000000004]}"
529,,,2.82737934207949E-4,31.75,75.1,0.03402175042364333,-0.42715321713023713,"{""type"":""Point"",""coordinates"":[75.1,31.750000000000004]}"
530,,,2.77240638211621E-4,31.75,75.25,-0.032758170366287274,-0.5497074027856191,"{""type"":""Point"",""coordinates"":[75.25,31.750000000000004]}"
531,,,2.65981074279589E-4,31.75,75.4,-0.0737809161345164,-0.6247830185625287,"{""type"":""Point"",""coordinates"":[75.4,31.750000000000004]}"
532,,,2.7946917997032024E-4,31.75,75.55,-0.1903716279400719,-0.6289011961883968,"{""type"":""Point"",""coordinates"":[75.55,31.750000000000004]}"
533,,,2.7755184661261287E-4,31.75,75.7,-0.25612005458937753,-0.6024692436059313,"{""type"":""Point"",""coordinates"":[75.7,31.750000000000004]}"
534,,,2.5633136684358556E-4,31.75,75.85,-0.3134605493810442,-0.5854777342743344,"{""type"":""Point"",""coordinates"":[75.85000000000001,31.75000000000001]}"
535,,,2.064808090248904E-4,31.75,76.0,-0.4513216740555233,-0.43403187923961206,"{""type"":""Point"",""coordinates"":[76.0,31.750000000000004]}"
536,,,2.2462052654049748E-4,31.75,76.15,-0.46494200825691223,-0.3810442083411746,"{""type"":""Point"",""coordinates"":[76.15,31.750000000000004]}"
537,,,2.2393002743848516E-4,31.75,76.3,-0.422130932410558,-0.40399071441756357,"{""type"":""Point"",""coordinates"":[76.3,31.750000000000004]}"
538,,,1.882346849904818E-4,31.75,76.45,-0.4069226668940649,-0.29922692047225113,"{""type"":""Point"",""coordinates"":[76.45,31.750000000000004]}"
539,,,1.7863335346652315E-4,31.75,76.6,-0.4065415362517039,-0.28738474382294554,"{""type"":""Point"",""coordinates"":[76.6,31.750000000000004]}"
540,,,1.9058379151677194E-4,31.75,76.75,-0.4157846324973637,-0.2843068765269385,"{""type"":""Point"",""coordinates"":[76.75,31.75000000000001]}"
541,,,1.748916948740533E-4,31.75,76.9,-0.44794303907288435,-0.16377363271183434,"{""type"":""Point"",""coordinates"":[76.90000000000002,31.75000000000001]}"
542,,,1.4507556559548366E-4,31.75,77.05,-0.31666218241055794,-0.16230573720402186,"{""type"":""Point"",""coordinates"":[77.05,31.750000000000004]}"
543,,,1.2088414732480847E-4,31.75,77.2,-0.2381930119461483,-0.1993066052595775,"{""type"":""Point"",""coordinates"":[77.2,31.750000000000004]}"
544,,,1.182179001637462E-4,31.75,77.35,-0.12844128939840527,-0.28261586361461216,"{""type"":""Point"",""coordinates"":[77.35,31.750000000000004]}"
545,,,3.8172337711171405E-5,31.75,77.5,-0.05463656120830109,-0.31079545617103577,"{""type"":""Point"",""coordinates"":[77.5,31.750000000000004]}"
546,,,3.004128099809389E-4,31.9,74.5,0.15928182800610863,-0.36735571821530666,"{""type"":""Point"",""coordinates"":[74.5,31.900000000000002]}"
547,,,3.102355725553041E-4,31.9,74.65,0.14414816101392108,-0.35572072201304966,"{""type"":""Point"",""coordinates"":[74.65000000000002,31.899999999999995]}"
548,,,2.9922141480236456E-4,31.9,74.8,0.09614231520228912,-0.33405222429169545,"{""type"":""Point"",""coordinates"":[74.8,31.900000000000002]}"
549,,,2.606777071236091E-4,31.9,74.95,0.07326532138718503,-0.35617068674829266,"{""type"":""Point"",""coordinates"":[74.95,31.900000000000002]}"
550,,,2.6071276185301375E-4,31.9,75.1,0.03907207051912946,-0.49629926747745945,"{""type"":""Point"",""coordinates"":[75.1,31.900000000000002]}"
551,,,2.600335076279508E-4,31.9,75.25,-0.022240795691808073,-0.5711887260278066,"{""type"":""Point"",""coordinates"":[75.25,31.900000000000002]}"
552,,,2.4856753487963884E-4,31.9,75.4,-0.06344189974996779,-0.5847887151771122,"{""type"":""Point"",""coordinates"":[75.4,31.900000000000002]}"
553,,,2.911093615821744E-4,31.9,75.55,-0.18423861198955113,-0.5543409883975984,"{""type"":""Point"",""coordinates"":[75.55,31.900000000000002]}"
554,,,2.850840592947779E-4,31.9,75.7,-0.27342725131246776,-0.49587982032034134,"{""type"":""Point"",""coordinates"":[75.7,31.900000000000002]}"
555,,,2.162807418928892E-4,31.9,75.85,-0.3628641002708011,-0.43749257259898705,"{""type"":""Point"",""coordinates"":[75.85000000000001,31.900000000000002]}"
556,,,2.0339661322664923E-4,31.9,76.0,-0.3637175752056969,-0.36865915788544557,"{""type"":""Point"",""coordinates"":[76.0,31.900000000000002]}"
557,,,2.5190895931063436E-4,31.9,76.15,-0.28983044955465515,-0.38667537967364,"{""type"":""Point"",""coordinates"":[76.15,31.900000000000002]}"
558,,,2.258128154215668E-4,31.9,76.3,-0.21222628288798853,-0.4914968179331884,"{""type"":""Point"",""coordinates"":[76.3,31.900000000000002]}"
559,,,1.7382701537778296E-4,31.9,76.45,-0.0804052650928497,-0.7080058104462096,"{""type"":""Point"",""coordinates"":[76.45,31.900000000000002]}"
560,,,1.6386334863680154E-4,31.9,76.6,-0.11302007900344001,-0.716547002394994,"{""type"":""Point"",""coordinates"":[76.6,31.900000000000002]}"
561,,,1.5487305884062693E-4,31.9,76.75,-0.15571552713712059,-0.7382904377248551,"{""type"":""Point"",""coordinates"":[76.75,31.900000000000002]}"
562,,,1.2160586613624026E-4,31.9,76.9,-0.21671440137757197,-0.5922370387448204,"{""type"":""Point"",""coordinates"":[76.90000000000002,31.900000000000002]}"
563,,,1.0457322779793223E-4,31.9,77.05,-0.24932582444614837,-0.28109541005558436,"{""type"":""Point"",""coordinates"":[77.05,31.900000000000002]}"
564,,,1.1876788822914807E-4,31.9,77.2,-0.282314987315072,-0.2692864636580149,"{""type"":""Point"",""coordinates"":[77.2,31.900000000000002]}"
565,,,7.765977221631865E-5,31.9,77.35,-0.35853060417705124,-0.3040090249644385,"{""type"":""Point"",""coordinates"":[77.35,31.900000000000002]}"
566,,,9.411561583083694E-5,31.9,77.5,-0.26846644944614834,-0.33301191396183444,"{""type"":""Point"",""coordinates"":[77.5,31.900000000000002]}"
